xof 0303txt 0032
template ColorRGBA {
 <35ff44e0-6c7c-11cf-8f52-0040333594a3>
 FLOAT red;
 FLOAT green;
 FLOAT blue;
 FLOAT alpha;
}

template ColorRGB {
 <d3e16e81-7835-11cf-8f52-0040333594a3>
 FLOAT red;
 FLOAT green;
 FLOAT blue;
}

template Material {
 <3d82ab4d-62da-11cf-ab39-0020af71e433>
 ColorRGBA faceColor;
 FLOAT power;
 ColorRGB specularColor;
 ColorRGB emissiveColor;
 [...]
}

template TextureFilename {
 <a42790e1-7810-11cf-8f52-0040333594a3>
 STRING filename;
}

template Frame {
 <3d82ab46-62da-11cf-ab39-0020af71e433>
 [...]
}

template Matrix4x4 {
 <f6f23f45-7686-11cf-8f52-0040333594a3>
 array FLOAT matrix[16];
}

template FrameTransformMatrix {
 <f6f23f41-7686-11cf-8f52-0040333594a3>
 Matrix4x4 frameMatrix;
}

template Vector {
 <3d82ab5e-62da-11cf-ab39-0020af71e433>
 FLOAT x;
 FLOAT y;
 FLOAT z;
}

template MeshFace {
 <3d82ab5f-62da-11cf-ab39-0020af71e433>
 DWORD nFaceVertexIndices;
 array DWORD faceVertexIndices[nFaceVertexIndices];
}

template Mesh {
 <3d82ab44-62da-11cf-ab39-0020af71e433>
 DWORD nVertices;
 array Vector vertices[nVertices];
 DWORD nFaces;
 array MeshFace faces[nFaces];
 [...]
}

template MeshNormals {
 <f6f23f43-7686-11cf-8f52-0040333594a3>
 DWORD nNormals;
 array Vector normals[nNormals];
 DWORD nFaceNormals;
 array MeshFace faceNormals[nFaceNormals];
}

template MeshMaterialList {
 <f6f23f42-7686-11cf-8f52-0040333594a3>
 DWORD nMaterials;
 DWORD nFaceIndexes;
 array DWORD faceIndexes[nFaceIndexes];
 [Material <3d82ab4d-62da-11cf-ab39-0020af71e433>]
}

template Coords2d {
 <f6f23f44-7686-11cf-8f52-0040333594a3>
 FLOAT u;
 FLOAT v;
}

template MeshTextureCoords {
 <f6f23f40-7686-11cf-8f52-0040333594a3>
 DWORD nTextureCoords;
 array Coords2d textureCoords[nTextureCoords];
}

template XSkinMeshHeader {
 <3cf169ce-ff7c-44ab-93c0-f78f62d172e2>
 WORD nMaxSkinWeightsPerVertex;
 WORD nMaxSkinWeightsPerFace;
 WORD nBones;
}

template SkinWeights {
 <6f0d123b-bad2-4167-a0d0-80224f25fabb>
 STRING transformNodeName;
 DWORD nWeights;
 array DWORD vertexIndices[nWeights];
 array FLOAT weights[nWeights];
 Matrix4x4 matrixOffset;
}

template AnimTicksPerSecond {
 <9e415a43-7ba6-4a73-8743-b73d47e88476>
 DWORD AnimTicksPerSecond;
}

template Animation {
 <3d82ab4f-62da-11cf-ab39-0020af71e433>
 [...]
}

template AnimationSet {
 <3d82ab50-62da-11cf-ab39-0020af71e433>
 [Animation <3d82ab4f-62da-11cf-ab39-0020af71e433>]
}

template FloatKeys {
 <10dd46a9-775b-11cf-8f52-0040333594a3>
 DWORD nValues;
 array FLOAT values[nValues];
}

template TimedFloatKeys {
 <f406b180-7b3b-11cf-8f52-0040333594a3>
 DWORD time;
 FloatKeys tfkeys;
}

template AnimationKey {
 <10dd46a8-775b-11cf-8f52-0040333594a3>
 DWORD keyType;
 DWORD nKeys;
 array TimedFloatKeys keys[nKeys];
}


Material _07_-_Defaultggg {
 1.000000;1.000000;1.000000;1.000000;;
 9.999999;
 0.000000;0.000000;0.000000;;
 0.000000;0.000000;0.000000;;

 TextureFilename {
  "AmmoStrap.png";
 }
}

Frame Dummy01 {
 

 FrameTransformMatrix {
  1.000000,0.000000,0.000000,0.000000,0.000000,-0.000000,-1.000000,0.000000,0.000000,1.000000,-0.000000,0.000000,0.000000,0.000000,0.000000,1.000000;;
 }

 Frame Bip01 {
  

  FrameTransformMatrix {
   -0.087155,0.982405,-0.165183,0.000000,-0.000001,0.165814,0.986157,0.000000,0.996195,0.085949,-0.014450,0.000000,-0.010000,-0.012284,0.490453,1.000000;;
  }

  Frame Bip01_Pelvis {
   

   FrameTransformMatrix {
    0.000000,1.000000,-0.000001,0.000000,-0.000001,0.000001,1.000000,0.000000,1.000000,0.000000,0.000001,0.000000,0.000000,0.000000,0.000000,1.000000;;
   }

   Frame Bip01_Spine {
    

    FrameTransformMatrix {
     0.984686,0.000002,-0.174337,0.000000,-0.000001,1.000000,0.000004,0.000000,0.174337,-0.000004,0.984686,0.000000,0.051619,0.000000,-0.000083,1.000000;;
    }

    Frame Bip01_Spine1 {
     

     FrameTransformMatrix {
      0.997819,0.052687,0.039774,0.000000,-0.044862,0.983198,-0.176942,0.000000,-0.048428,0.174771,0.983417,0.000000,0.106484,-0.000015,-0.000083,1.000000;;
     }

     Frame Bip01_Neck {
      

      FrameTransformMatrix {
       0.966067,-0.020835,0.257451,0.000000,0.025191,0.999590,-0.013632,0.000000,-0.257061,0.019655,0.966195,0.000000,0.130511,-0.000001,0.004626,1.000000;;
      }

      Frame Bip01_Head {
       

       FrameTransformMatrix {
        0.989321,-0.051753,-0.136255,0.000000,0.064251,0.993958,0.088989,0.000000,0.130826,-0.096793,0.986669,0.000000,0.033674,-0.000000,-0.000000,1.000000;;
       }
      }

      Frame Bip01_L_Clavicle {
       

       FrameTransformMatrix {
        -0.205975,0.976135,0.068811,0.000000,0.943873,0.216738,-0.249254,0.000000,-0.258220,0.013609,-0.965990,0.000000,-0.024734,0.015166,0.002017,1.000000;;
       }

       Frame Bip01_L_UpperArm {
        

        FrameTransformMatrix {
         0.385871,-0.777669,0.496320,0.000000,0.922466,0.332598,-0.196046,0.000000,-0.012616,0.533487,0.845714,0.000000,0.087086,-0.000000,-0.000000,1.000000;;
        }

        Frame Bip01_L_Forearm {
         

         FrameTransformMatrix {
          0.943939,0.000000,-0.330119,0.000000,0.000000,1.000000,-0.000000,0.000000,0.330119,-0.000000,0.943939,0.000000,0.137062,0.000000,0.000000,1.000000;;
         }

         Frame Bip01_L_Hand {
          

          FrameTransformMatrix {
           1.000000,-0.000000,0.000000,0.000000,0.000000,0.000796,1.000000,0.000000,0.000000,-1.000000,0.000796,0.000000,0.137062,0.000000,0.000000,1.000000;;
          }

          Frame Bip01_L_Finger0 {
           

           FrameTransformMatrix {
            0.690342,-0.181727,0.700288,0.000000,0.558537,0.749101,-0.356210,0.000000,-0.459853,0.637043,0.618637,0.000000,0.057681,-0.023605,-0.000272,1.000000;;
           }
          }

          Frame Bip01_L_Finger1 {
           

           FrameTransformMatrix {
            0.728079,-0.000546,0.685493,0.000000,0.000000,1.000000,0.000796,0.000000,-0.685493,-0.000580,0.728079,0.000000,0.084102,0.000000,0.000000,1.000000;;
           }
          }
         }
        }
       }
      }

      Frame Bip01_R_Clavicle {
       

       FrameTransformMatrix {
        -0.028509,-0.999573,-0.006461,0.000000,-0.965665,0.025871,0.258498,0.000000,-0.258220,0.013609,-0.965990,0.000000,-0.024080,-0.016250,0.001399,1.000000;;
       }

       Frame Bip01_R_UpperArm {
        

        FrameTransformMatrix {
         0.221390,0.975047,0.016433,0.000000,-0.974986,0.221654,-0.016512,0.000000,-0.019742,-0.012366,0.999729,0.000000,0.087086,0.000000,0.000000,1.000000;;
        }

        Frame Bip01_R_Forearm {
         

         FrameTransformMatrix {
          0.915660,-0.000000,-0.401954,0.000000,-0.000000,1.000000,-0.000000,0.000000,0.401954,-0.000000,0.915660,0.000000,0.137062,0.000000,0.000000,1.000000;;
         }

         Frame Bip01_R_Hand {
          

          FrameTransformMatrix {
           0.975195,-0.000000,-0.221346,0.000000,-0.221346,0.000796,-0.975195,0.000000,0.000176,1.000000,0.000777,0.000000,0.137062,-0.000000,0.000000,1.000000;;
          }

          Frame Bip01_R_Finger0 {
           

           FrameTransformMatrix {
            0.417774,-0.116941,0.900994,0.000000,-0.558537,0.749101,0.356210,0.000000,-0.716591,-0.652054,0.247639,0.000000,0.057681,0.023605,-0.000272,1.000000;;
           }
          }

          Frame Bip01_R_Finger1 {
           

           FrameTransformMatrix {
            0.352436,0.000745,0.935835,0.000000,0.000000,1.000000,-0.000796,0.000000,-0.935836,0.000281,0.352436,0.000000,0.084102,0.000000,0.000000,1.000000;;
           }
          }
         }
        }
       }
      }
     }

     Frame Bip01_BackPack {
      

      FrameTransformMatrix {
       0.180560,0.080500,-0.980264,0.000000,0.047560,0.994764,0.090451,0.000000,0.982413,-0.062954,0.175786,0.000000,0.063697,0.000003,-0.088856,1.000000;;
      }
     }
    }

    Frame Bip01_L_Thigh {
     

     FrameTransformMatrix {
      -0.888504,0.030427,0.457858,0.000000,-0.032107,-0.999476,0.004114,0.000000,0.457744,-0.011045,0.889016,0.000000,-0.050843,0.055225,-0.008917,1.000000;;
     }

     Frame Bip01_L_Calf {
      

      FrameTransformMatrix {
       0.942235,-0.000000,-0.334952,0.000000,-0.000000,1.000000,-0.000000,0.000000,0.334952,-0.000000,0.942235,0.000000,0.237500,0.000000,-0.000000,1.000000;;
      }

      Frame Bip01_L_Foot {
       

       FrameTransformMatrix {
        0.924325,-0.026487,0.380687,0.000000,-0.068962,0.969570,0.234901,0.000000,-0.375325,-0.243378,0.894371,0.000000,0.206841,0.000000,0.000000,1.000000;;
       }

       Frame Bip01_L_Toe0 {
        

        FrameTransformMatrix {
         0.000000,0.000000,1.000000,0.000000,0.000000,1.000000,-0.000000,0.000000,-1.000000,0.000000,0.000000,0.000000,0.065373,0.000000,0.066450,1.000000;;
        }
       }
      }
     }
    }

    Frame Bip01_R_Thigh {
     

     FrameTransformMatrix {
      -0.996965,0.030321,-0.071704,0.000000,-0.029454,-0.999480,-0.013113,0.000000,-0.072065,-0.010961,0.997340,0.000000,-0.050843,-0.055225,-0.008917,1.000000;;
     }

     Frame Bip01_R_Calf {
      

      FrameTransformMatrix {
       0.730239,0.000000,-0.683192,0.000000,0.000000,1.000000,0.000000,0.000000,0.683192,0.000000,0.730239,0.000000,0.237500,0.000000,0.000000,1.000000;;
      }

      Frame Bip01_R_Foot {
       

       FrameTransformMatrix {
        0.991957,0.087165,-0.091782,0.000000,-0.093276,0.993546,-0.064539,0.000000,0.085565,0.072581,0.993685,0.000000,0.206841,0.000000,0.000000,1.000000;;
       }

       Frame Bip01_R_Toe0 {
        

        FrameTransformMatrix {
         0.000000,0.000000,1.000000,0.000000,0.000000,1.000000,-0.000000,0.000000,-1.000000,0.000000,0.000000,0.000000,0.065373,0.000000,0.066450,1.000000;;
        }
       }
      }
     }
    }
   }

   Frame Bip01_DressFront {
    

    FrameTransformMatrix {
     -0.880185,-0.088339,0.466338,0.000000,0.121847,0.907542,0.401896,0.000000,-0.458725,0.410564,-0.788041,0.000000,-0.043935,0.001339,0.061057,1.000000;;
    }

    Frame Bip01_DressFront02 {
     

     FrameTransformMatrix {
      0.912593,0.000001,0.408870,0.000000,-0.000001,1.000000,-0.000000,0.000000,-0.408870,-0.000000,0.912593,0.000000,0.183378,-0.000000,-0.000120,1.000000;;
     }
    }
   }

   Frame Bip01_DressBack {
    

    FrameTransformMatrix {
     -0.886023,0.038029,0.462080,0.000000,0.191625,0.937561,0.290274,0.000000,-0.422190,0.345735,-0.837988,0.000000,-0.047673,-0.000048,-0.078302,1.000000;;
    }

    Frame Bip01_DressBack02 {
     

     FrameTransformMatrix {
      0.936852,0.174932,-0.302833,0.000000,-0.166408,0.984581,0.053939,0.000000,0.307600,-0.000139,0.951516,0.000000,0.176125,0.000000,-0.000103,1.000000;;
     }
    }
   }
  }

  Frame Bip01_Prop1 {
   

   FrameTransformMatrix {
    -0.233929,-0.108090,0.966227,0.000000,0.687222,0.684611,0.242967,0.000000,-0.687752,0.720849,-0.085868,0.000000,0.076452,-0.048658,-0.145664,1.000000;;
   }
  }

  Frame Bip01_Prop2 {
   

   FrameTransformMatrix {
    -0.163643,-0.967062,0.194966,0.000000,0.985576,-0.168906,-0.010564,0.000000,0.043147,0.190425,0.980753,0.000000,-0.138405,-0.102098,0.114818,1.000000;;
   }
  }
 }
}

Frame Translation_Data {
 

 FrameTransformMatrix {
  -0.000000,0.000000,-1.000000,0.000000,-1.000000,-0.000000,0.000000,0.000000,-0.000000,1.000000,0.000000,0.000000,0.000000,-0.000000,0.000000,1.000000;;
 }
}

Frame Bob_AmmoStrap {
 

 FrameTransformMatrix {
  1.000000,0.000000,0.000000,0.000000,0.000000,1.000000,0.000000,0.000000,0.000000,0.000000,1.000000,0.000000,0.000000,0.000000,0.000000,1.000000;;
 }

  Mesh Bob_AmmoStrap {
  606;
  -0.089259;0.636079;-0.042122;,
  -0.094607;0.603209;-0.000368;,
  -0.103634;0.623252;0.001592;,
  -0.066102;0.607514;-0.046962;,
  -0.049805;0.664130;-0.069590;,
  -0.027616;0.626859;-0.069590;,
  -0.023736;0.687292;-0.074063;,
  0.003815;0.653225;-0.069085;,
  0.032218;0.680220;-0.068615;,
  -0.004438;0.705462;-0.075737;,
  0.051991;0.704795;-0.061050;,
  0.016835;0.727504;-0.066207;,
  0.071561;0.732985;-0.048526;,
  0.033228;0.749136;-0.051761;,
  0.085537;0.764081;-0.027211;,
  0.051167;0.776527;-0.025112;,
  0.084286;0.801298;0.004400;,
  0.060441;0.803686;0.006694;,
  -0.066102;0.607514;-0.046962;,
  -0.081647;0.609024;0.007189;,
  -0.094607;0.603209;-0.000368;,
  -0.059099;0.613024;-0.026521;,
  -0.025199;0.628893;-0.048068;,
  -0.027616;0.626859;-0.069590;,
  0.003815;0.653225;-0.049206;,
  0.003815;0.653225;-0.069085;,
  0.032218;0.680220;-0.049669;,
  0.032218;0.680220;-0.068615;,
  0.051991;0.704795;-0.042796;,
  0.051991;0.704795;-0.061050;,
  0.070659;0.727232;-0.028255;,
  0.071561;0.732985;-0.048526;,
  0.082714;0.757807;-0.007758;,
  0.085537;0.764081;-0.027211;,
  0.082206;0.787127;0.013079;,
  0.084286;0.801298;0.004400;,
  -0.081647;0.609024;0.007189;,
  -0.081363;0.641197;-0.028516;,
  -0.094902;0.626747;0.008047;,
  -0.059099;0.613024;-0.026521;,
  -0.048225;0.663085;-0.050864;,
  -0.025199;0.628893;-0.048068;,
  -0.023736;0.687292;-0.055309;,
  0.003815;0.653225;-0.049206;,
  -0.004438;0.705462;-0.053589;,
  0.032218;0.680220;-0.049669;,
  0.016835;0.727504;-0.044060;,
  0.051991;0.704795;-0.042796;,
  0.031535;0.741613;-0.031979;,
  0.070659;0.727232;-0.028255;,
  0.048345;0.764092;-0.004380;,
  0.082714;0.757807;-0.007758;,
  0.058362;0.787476;0.015027;,
  0.082206;0.787127;0.013079;,
  -0.081363;0.641197;-0.028516;,
  -0.103634;0.623252;0.001592;,
  -0.094902;0.626747;0.008047;,
  -0.089259;0.636079;-0.042122;,
  -0.049805;0.664130;-0.069590;,
  -0.048225;0.663085;-0.050864;,
  -0.023736;0.687292;-0.074063;,
  -0.023736;0.687292;-0.055309;,
  -0.004438;0.705462;-0.075737;,
  -0.004438;0.705462;-0.053589;,
  0.016835;0.727504;-0.066207;,
  0.016835;0.727504;-0.044060;,
  0.033228;0.749136;-0.051761;,
  0.031535;0.741613;-0.031979;,
  0.051167;0.776527;-0.025112;,
  0.048345;0.764092;-0.004380;,
  0.060441;0.803686;0.006694;,
  0.058362;0.787476;0.015027;,
  -0.103634;0.623252;0.001592;,
  -0.096129;0.625835;0.040104;,
  -0.094902;0.626747;0.008047;,
  -0.109956;0.616975;0.043076;,
  -0.087347;0.611085;0.037460;,
  -0.096129;0.625835;0.040104;,
  -0.094733;0.602909;0.043062;,
  -0.087347;0.611085;0.037460;,
  -0.109956;0.616975;0.043076;,
  -0.094733;0.602909;0.043062;,
  0.079499;0.815273;0.048968;,
  0.057955;0.814663;0.050851;,
  0.079720;0.800411;0.046979;,
  0.079499;0.815273;0.048968;,
  0.055876;0.799802;0.048862;,
  0.079720;0.800411;0.046979;,
  0.057955;0.814663;0.050851;,
  0.055876;0.799802;0.048862;,
  0.057955;0.814663;0.050851;,
  0.069030;0.799386;0.093912;,
  0.079499;0.815273;0.048968;,
  0.046510;0.804339;0.087527;,
  0.079499;0.815273;0.048968;,
  0.067989;0.785329;0.085376;,
  0.079720;0.800411;0.046979;,
  0.069030;0.799386;0.093912;,
  0.079720;0.800411;0.046979;,
  0.045734;0.788293;0.077106;,
  0.055876;0.799802;0.048862;,
  0.067989;0.785329;0.085376;,
  0.055876;0.799802;0.048862;,
  0.046510;0.804339;0.087527;,
  0.057955;0.814663;0.050851;,
  0.045734;0.788293;0.077106;,
  0.043949;0.767028;0.125124;,
  0.022304;0.777106;0.123574;,
  0.040678;0.757297;0.112130;,
  0.043949;0.767028;0.125124;,
  0.018423;0.765407;0.108753;,
  0.040678;0.757297;0.112130;,
  0.022304;0.777106;0.123574;,
  0.018423;0.765407;0.108753;,
  0.002123;0.717526;0.132099;,
  -0.015830;0.729971;0.127798;,
  0.002163;0.716754;0.117197;,
  0.002123;0.717526;0.132099;,
  -0.015791;0.729200;0.112896;,
  0.002163;0.716754;0.117197;,
  -0.015830;0.729971;0.127798;,
  -0.015791;0.729200;0.112896;,
  -0.037656;0.670028;0.112882;,
  -0.054628;0.682861;0.112365;,
  -0.037194;0.672576;0.100438;,
  -0.037656;0.670028;0.112882;,
  -0.053847;0.685340;0.099921;,
  -0.037194;0.672576;0.100438;,
  -0.054628;0.682861;0.112365;,
  -0.053847;0.685340;0.099921;,
  -0.067272;0.636845;0.095405;,
  -0.083615;0.649636;0.093696;,
  -0.068605;0.640402;0.083042;,
  -0.067272;0.636845;0.095405;,
  -0.084948;0.649909;0.081333;,
  -0.068605;0.640402;0.083042;,
  -0.083615;0.649636;0.093696;,
  -0.084948;0.649909;0.081333;,
  -0.083887;0.617852;0.077768;,
  -0.099647;0.629068;0.073674;,
  -0.081012;0.621285;0.067526;,
  -0.083887;0.617852;0.077768;,
  -0.090273;0.634102;0.061367;,
  -0.081012;0.621285;0.067526;,
  -0.099647;0.629068;0.073674;,
  -0.090273;0.634102;0.061367;,
  -0.109956;0.616975;0.043076;,
  -0.096129;0.625835;0.040104;,
  -0.094733;0.602909;0.043062;,
  -0.109956;0.616975;0.043076;,
  -0.094733;0.602909;0.043062;,
  -0.087347;0.611085;0.037460;,
  -0.087347;0.611085;0.037460;,
  -0.096129;0.625835;0.040104;,
  0.042068;0.585433;0.132026;,
  0.038081;0.584429;0.149346;,
  0.026971;0.584039;0.163250;,
  0.010940;0.584340;0.170985;,
  -0.006837;0.585272;0.171017;,
  -0.022840;0.586650;0.163342;,
  -0.033898;0.588201;0.149478;,
  -0.037822;0.589619;0.132172;,
  -0.033835;0.590623;0.114852;,
  -0.022725;0.591013;0.100948;,
  -0.006694;0.590712;0.093213;,
  0.011083;0.589780;0.093181;,
  0.027086;0.588402;0.100856;,
  0.038144;0.586851;0.114720;,
  0.057769;0.884290;0.152953;,
  0.053781;0.883286;0.170273;,
  0.042672;0.882896;0.184177;,
  0.026641;0.883197;0.191912;,
  0.008864;0.884129;0.191944;,
  -0.007139;0.885507;0.184268;,
  -0.018197;0.887059;0.170405;,
  -0.022121;0.888477;0.153099;,
  -0.018134;0.889480;0.135779;,
  -0.007024;0.889870;0.121874;,
  0.009006;0.889569;0.114140;,
  0.026784;0.888638;0.114107;,
  0.042786;0.887259;0.121783;,
  0.053845;0.885708;0.135647;,
  0.002123;0.587526;0.132099;,
  0.017824;0.886383;0.153026;,
  0.059760;0.674409;0.138280;,
  0.057037;0.679743;0.138648;,
  0.051045;0.680057;0.138659;,
  0.047777;0.675037;0.138302;,
  0.050501;0.669704;0.137934;,
  0.056493;0.669390;0.137923;,
  0.055695;0.673206;0.158520;,
  0.053201;0.678607;0.157743;,
  0.047669;0.679057;0.155462;,
  0.044632;0.674106;0.153960;,
  0.047125;0.668705;0.154737;,
  0.052657;0.668254;0.157018;,
  0.044190;0.672608;0.175694;,
  0.042347;0.678043;0.173944;,
  0.038118;0.678561;0.169719;,
  0.035732;0.673644;0.167245;,
  0.037574;0.668208;0.168995;,
  0.041803;0.667690;0.173219;,
  0.026998;0.672706;0.187186;,
  0.026129;0.678136;0.184786;,
  0.023846;0.678643;0.179260;,
  0.022432;0.673720;0.176135;,
  0.023302;0.668290;0.178535;,
  0.025585;0.667783;0.184061;,
  0.006736;0.673486;0.191248;,
  0.007014;0.678872;0.188618;,
  0.007025;0.679290;0.182632;,
  0.006758;0.674323;0.179277;,
  0.006481;0.668938;0.181907;,
  0.006470;0.668519;0.187893;,
  -0.013511;0.674829;0.187260;,
  -0.012087;0.680139;0.184856;,
  -0.009784;0.680405;0.179322;,
  -0.008905;0.675362;0.176192;,
  -0.010328;0.670052;0.178597;,
  -0.012631;0.669786;0.184131;,
  -0.030661;0.676530;0.175831;,
  -0.028266;0.681744;0.174073;,
  -0.024022;0.681818;0.169833;,
  -0.022171;0.676678;0.167351;,
  -0.024566;0.671465;0.169108;,
  -0.028810;0.671391;0.173348;,
  -0.042102;0.678331;0.158699;,
  -0.039060;0.683442;0.157912;,
  -0.033521;0.683312;0.155611;,
  -0.031023;0.678071;0.154098;,
  -0.034064;0.672960;0.154886;,
  -0.039604;0.673090;0.157187;,
  -0.046094;0.679957;0.138474;,
  -0.042826;0.684976;0.138831;,
  -0.036834;0.684662;0.138820;,
  -0.034111;0.679329;0.138452;,
  -0.037378;0.674310;0.138095;,
  -0.043370;0.674624;0.138106;,
  -0.042028;0.681161;0.118234;,
  -0.038990;0.686112;0.119736;,
  -0.033459;0.685662;0.122017;,
  -0.030965;0.680260;0.122795;,
  -0.034003;0.675309;0.121292;,
  -0.039534;0.675759;0.119012;,
  -0.030524;0.681759;0.101060;,
  -0.028137;0.686676;0.103535;,
  -0.023908;0.686158;0.107760;,
  -0.022065;0.680723;0.109509;,
  -0.024452;0.675805;0.107035;,
  -0.028681;0.676323;0.102810;,
  -0.013332;0.681660;0.089568;,
  -0.011918;0.686583;0.092693;,
  -0.009635;0.686076;0.098219;,
  -0.008766;0.680647;0.100619;,
  -0.010179;0.675724;0.097494;,
  -0.012462;0.676230;0.091968;,
  0.006930;0.680880;0.085506;,
  0.007197;0.685847;0.088861;,
  0.007186;0.685429;0.094847;,
  0.006908;0.680043;0.097477;,
  0.006642;0.675076;0.094122;,
  0.006653;0.675495;0.088136;,
  0.027177;0.679537;0.089494;,
  0.026298;0.684580;0.092623;,
  0.023994;0.684314;0.098157;,
  0.022571;0.679004;0.100562;,
  0.023451;0.673961;0.097432;,
  0.025754;0.674228;0.091898;,
  0.044327;0.677836;0.100923;,
  0.042477;0.682975;0.103406;,
  0.038232;0.682902;0.107646;,
  0.035838;0.677688;0.109403;,
  0.037688;0.672549;0.106921;,
  0.041933;0.672623;0.102681;,
  0.055769;0.676035;0.118055;,
  0.053271;0.681277;0.119567;,
  0.047731;0.681407;0.121868;,
  0.044689;0.676295;0.122656;,
  0.047187;0.671054;0.121143;,
  0.052727;0.670924;0.118843;,
  0.068867;0.847746;0.150418;,
  0.066143;0.853080;0.150786;,
  0.060151;0.853394;0.150797;,
  0.056883;0.848374;0.150440;,
  0.059607;0.843041;0.150072;,
  0.065599;0.842727;0.150061;,
  0.064801;0.846543;0.170658;,
  0.062307;0.851944;0.169880;,
  0.056776;0.852395;0.167600;,
  0.053738;0.847443;0.166097;,
  0.056232;0.842042;0.166875;,
  0.061763;0.841592;0.169155;,
  0.053296;0.845945;0.187831;,
  0.051454;0.851380;0.186082;,
  0.047225;0.851898;0.181857;,
  0.044838;0.846981;0.179382;,
  0.046681;0.841545;0.181132;,
  0.050910;0.841027;0.185357;,
  0.036104;0.846043;0.199324;,
  0.035235;0.851473;0.196923;,
  0.032952;0.851980;0.191398;,
  0.031539;0.847057;0.188273;,
  0.032408;0.841627;0.190673;,
  0.034691;0.841120;0.196198;,
  0.015843;0.846823;0.203385;,
  0.016120;0.852209;0.200755;,
  0.016131;0.852627;0.194770;,
  0.015865;0.847660;0.191415;,
  0.015587;0.842275;0.194045;,
  0.015576;0.841856;0.200030;,
  -0.004404;0.848166;0.199398;,
  -0.002981;0.853476;0.196993;,
  -0.000678;0.853742;0.191459;,
  0.000202;0.848699;0.188330;,
  -0.001222;0.843390;0.190735;,
  -0.003525;0.843123;0.196268;,
  -0.021554;0.849867;0.187968;,
  -0.019160;0.855081;0.186211;,
  -0.014915;0.855155;0.181971;,
  -0.013065;0.850015;0.179488;,
  -0.015459;0.844802;0.181246;,
  -0.019704;0.844728;0.185486;,
  -0.032996;0.851668;0.170837;,
  -0.029954;0.856779;0.170049;,
  -0.024414;0.856650;0.167748;,
  -0.021916;0.851408;0.166236;,
  -0.024958;0.846297;0.167023;,
  -0.030498;0.846427;0.169324;,
  -0.036988;0.853294;0.150612;,
  -0.033720;0.858313;0.150968;,
  -0.027728;0.857999;0.150958;,
  -0.025004;0.852666;0.150590;,
  -0.028272;0.847647;0.150233;,
  -0.034264;0.847961;0.150244;,
  -0.032922;0.854498;0.130371;,
  -0.029884;0.859449;0.131874;,
  -0.024353;0.858999;0.134154;,
  -0.021859;0.853597;0.134932;,
  -0.024896;0.848646;0.133429;,
  -0.030428;0.849096;0.131149;,
  -0.021417;0.855096;0.113198;,
  -0.019031;0.860013;0.115673;,
  -0.014802;0.859495;0.119897;,
  -0.012959;0.854060;0.121647;,
  -0.015345;0.849142;0.119172;,
  -0.019575;0.849661;0.114948;,
  -0.004225;0.854997;0.101705;,
  -0.002812;0.859920;0.104831;,
  -0.000529;0.859413;0.110356;,
  0.000340;0.853984;0.112757;,
  -0.001073;0.849061;0.109631;,
  -0.003356;0.849568;0.104106;,
  0.016037;0.854217;0.097644;,
  0.016303;0.859184;0.100999;,
  0.016292;0.858766;0.106984;,
  0.016015;0.853380;0.109615;,
  0.015748;0.848413;0.106259;,
  0.015759;0.848832;0.100274;,
  0.036284;0.852874;0.101631;,
  0.035404;0.857918;0.104761;,
  0.033101;0.857651;0.110295;,
  0.031677;0.852341;0.112699;,
  0.032557;0.847298;0.109570;,
  0.034860;0.847565;0.104036;,
  0.053433;0.851173;0.113061;,
  0.051583;0.856313;0.115543;,
  0.047338;0.856239;0.119783;,
  0.044944;0.851025;0.121541;,
  0.046795;0.845886;0.119058;,
  0.051039;0.845960;0.114818;,
  0.064875;0.849372;0.130192;,
  0.062377;0.854614;0.131705;,
  0.056837;0.854744;0.134006;,
  0.053795;0.849632;0.134794;,
  0.056293;0.844391;0.133281;,
  0.061833;0.844261;0.130980;,
  -0.019256;0.588311;0.136930;,
  0.012740;0.588311;0.112925;,
  0.023502;0.586741;0.127268;,
  -0.008494;0.586741;0.151273;,
  -0.014545;0.677968;0.143208;,
  0.017451;0.677968;0.119203;,
  0.028212;0.676398;0.133546;,
  -0.003784;0.676398;0.157551;,
  -0.008862;0.780388;0.161447;,
  -0.011050;0.738748;0.158532;,
  -0.011060;0.738364;0.164018;,
  -0.001116;0.927640;0.177272;,
  -0.007173;0.738273;0.162404;,
  0.002771;0.927549;0.175658;,
  -0.005557;0.738460;0.158522;,
  0.004386;0.927736;0.171775;,
  -0.007159;0.738815;0.154645;,
  0.002785;0.928092;0.167898;,
  -0.011040;0.739131;0.153045;,
  -0.001096;0.928407;0.166299;,
  -0.014926;0.739223;0.154659;,
  -0.004983;0.928499;0.167913;,
  -0.016542;0.739036;0.158542;,
  -0.006598;0.928312;0.171795;,
  -0.014941;0.738680;0.162418;,
  -0.004997;0.927956;0.175672;,
  -0.001122;0.927410;0.180564;,
  -0.022039;0.760201;0.160012;,
  0.005097;0.927264;0.177981;,
  -0.011050;0.738748;0.158532;,
  0.007682;0.927563;0.171769;,
  -0.008862;0.780388;0.161447;,
  0.005119;0.928132;0.165566;,
  -0.009978;0.758724;0.172060;,
  -0.001090;0.928638;0.163007;,
  -0.011050;0.738748;0.158532;,
  -0.007309;0.928784;0.165589;,
  -0.008862;0.780388;0.161447;,
  -0.009894;0.928484;0.171801;,
  0.002127;0.758935;0.159967;,
  -0.007331;0.927915;0.178004;,
  0.001082;0.969665;0.174701;,
  -0.011050;0.738748;0.158532;,
  -0.009934;0.760412;0.147919;,
  -0.008862;0.780388;0.161447;,
  0.038622;0.779133;0.143755;,
  0.036434;0.737492;0.140840;,
  0.036424;0.737108;0.146326;,
  0.046368;0.926384;0.159580;,
  0.040311;0.737017;0.144712;,
  0.050255;0.926293;0.157966;,
  0.041927;0.737204;0.140830;,
  0.051871;0.926480;0.154083;,
  0.040325;0.737560;0.136953;,
  0.050269;0.926836;0.150206;,
  0.036444;0.737876;0.135353;,
  0.046388;0.927152;0.148607;,
  0.032558;0.737967;0.136967;,
  0.042501;0.927243;0.150221;,
  0.030942;0.737780;0.140850;,
  0.040886;0.927056;0.154103;,
  0.032543;0.737424;0.144726;,
  0.042487;0.926700;0.157980;,
  0.046362;0.926154;0.162872;,
  0.025445;0.758946;0.142320;,
  0.052581;0.926008;0.160289;,
  0.036434;0.737492;0.140840;,
  0.055166;0.926308;0.154077;,
  0.038622;0.779133;0.143755;,
  0.052603;0.926876;0.147874;,
  0.037506;0.757468;0.154368;,
  0.046394;0.927382;0.145315;,
  0.036434;0.737492;0.140840;,
  0.040175;0.927528;0.147897;,
  0.038622;0.779133;0.143755;,
  0.037590;0.927229;0.154109;,
  0.049612;0.757679;0.142275;,
  0.040153;0.926660;0.160312;,
  0.048566;0.968409;0.157009;,
  0.036434;0.737492;0.140840;,
  0.037550;0.759156;0.130227;,
  0.038622;0.779133;0.143755;,
  0.003782;0.782324;0.124313;,
  0.001595;0.740684;0.121397;,
  0.001585;0.740300;0.126884;,
  0.011528;0.929576;0.140137;,
  0.005471;0.740209;0.125270;,
  0.015415;0.929485;0.138523;,
  0.007087;0.740396;0.121387;,
  0.017031;0.929672;0.134641;,
  0.005486;0.740751;0.117510;,
  0.015429;0.930028;0.130764;,
  0.001605;0.741067;0.115910;,
  0.011548;0.930343;0.129164;,
  -0.002282;0.741158;0.117525;,
  0.007662;0.930435;0.130778;,
  -0.003898;0.740972;0.121407;,
  0.006046;0.930248;0.134661;,
  -0.002296;0.740616;0.125284;,
  0.007648;0.929892;0.138537;,
  0.011522;0.929346;0.143429;,
  -0.009395;0.762137;0.122877;,
  0.017741;0.929200;0.140847;,
  0.001595;0.740684;0.121397;,
  0.020326;0.929499;0.134635;,
  0.003782;0.782324;0.124313;,
  0.017764;0.930068;0.128432;,
  0.002666;0.760660;0.134925;,
  0.011555;0.930574;0.125872;,
  0.001595;0.740684;0.121397;,
  0.005336;0.930719;0.128455;,
  0.003782;0.782324;0.124313;,
  0.002750;0.930420;0.134667;,
  0.014772;0.760871;0.122833;,
  0.005313;0.929851;0.140869;,
  0.013726;0.971601;0.137567;,
  0.001595;0.740684;0.121397;,
  0.002711;0.762348;0.110784;,
  0.003782;0.782324;0.124313;,
  0.022168;0.778452;0.165814;,
  0.019980;0.736812;0.162899;,
  0.019970;0.736428;0.168385;,
  0.029914;0.925704;0.181639;,
  0.023857;0.736337;0.166771;,
  0.033801;0.925613;0.180025;,
  0.025473;0.736524;0.162889;,
  0.035416;0.925800;0.176142;,
  0.023871;0.736879;0.159012;,
  0.033815;0.926156;0.172266;,
  0.019990;0.737195;0.157412;,
  0.029934;0.926472;0.170666;,
  0.016104;0.737287;0.159026;,
  0.026047;0.926563;0.172280;,
  0.014488;0.737100;0.162909;,
  0.024432;0.926376;0.176162;,
  0.016089;0.736744;0.166785;,
  0.026033;0.926020;0.180039;,
  0.029908;0.925474;0.184931;,
  0.008991;0.758265;0.164379;,
  0.036127;0.925328;0.182348;,
  0.019980;0.736812;0.162899;,
  0.038712;0.925627;0.176136;,
  0.022168;0.778452;0.165814;,
  0.036149;0.926196;0.169933;,
  0.021052;0.756788;0.176427;,
  0.029940;0.926702;0.167374;,
  0.019980;0.736812;0.162899;,
  0.023721;0.926848;0.169956;,
  0.022168;0.778452;0.165814;,
  0.021136;0.926548;0.176168;,
  0.033157;0.756999;0.164334;,
  0.023699;0.925979;0.182371;,
  0.032112;0.967729;0.179068;,
  0.019980;0.736812;0.162899;,
  0.021096;0.758476;0.152286;,
  0.022168;0.778452;0.165814;,
  0.019115;0.781278;0.127754;,
  0.016928;0.739637;0.124838;,
  0.016918;0.739254;0.130324;,
  0.026862;0.928530;0.143578;,
  0.020804;0.739162;0.128710;,
  0.030748;0.928438;0.141964;,
  0.022420;0.739349;0.124828;,
  0.032364;0.928625;0.138081;,
  0.020819;0.739705;0.120951;,
  0.030762;0.928981;0.134205;,
  0.016938;0.740021;0.119351;,
  0.026882;0.929297;0.132605;,
  0.013051;0.740112;0.120965;,
  0.022995;0.929388;0.134219;,
  0.011435;0.739925;0.124848;,
  0.021379;0.929201;0.138102;,
  0.013037;0.739569;0.128725;,
  0.022981;0.928846;0.141978;,
  0.026855;0.928299;0.146870;,
  0.005938;0.761091;0.126318;,
  0.033074;0.928154;0.144287;,
  0.016928;0.739637;0.124838;,
  0.035660;0.928453;0.138075;,
  0.019115;0.781278;0.127754;,
  0.033097;0.929022;0.131873;,
  0.018000;0.759614;0.138366;,
  0.026888;0.929527;0.129313;,
  0.016928;0.739637;0.124838;,
  0.020669;0.929673;0.131896;,
  0.019115;0.781278;0.127754;,
  0.018084;0.929374;0.138108;,
  0.030105;0.759824;0.126274;,
  0.020646;0.928805;0.144310;,
  0.029059;0.970554;0.141007;,
  0.016928;0.739637;0.124838;,
  0.018044;0.761302;0.114225;,
  0.019115;0.781278;0.127754;,
  -0.009797;0.781435;0.147204;,
  -0.011985;0.739794;0.144288;,
  -0.011995;0.739411;0.149775;,
  -0.002051;0.928687;0.163029;,
  -0.008108;0.739319;0.148161;,
  0.001836;0.928595;0.161414;,
  -0.006492;0.739506;0.144278;,
  0.003451;0.928782;0.157532;,
  -0.008094;0.739862;0.140402;,
  0.001850;0.929138;0.153655;,
  -0.011975;0.740178;0.138802;,
  -0.002031;0.929454;0.152055;,
  -0.015861;0.740269;0.140416;,
  -0.005918;0.929545;0.153669;,
  -0.017477;0.740082;0.144298;,
  -0.007533;0.929358;0.157552;,
  -0.015876;0.739726;0.148175;,
  -0.005932;0.929003;0.161429;,
  -0.002057;0.928456;0.166320;,
  -0.022974;0.761248;0.145768;,
  0.004162;0.928311;0.163738;,
  -0.011985;0.739794;0.144288;,
  0.006747;0.928610;0.157526;,
  -0.009797;0.781435;0.147204;,
  0.004184;0.929179;0.151323;,
  -0.010913;0.759771;0.157817;,
  -0.002025;0.929684;0.148763;,
  -0.011985;0.739794;0.144288;,
  -0.008244;0.929830;0.151346;,
  -0.009797;0.781435;0.147204;,
  -0.010829;0.929531;0.157558;,
  0.001192;0.759981;0.145724;,
  -0.008266;0.928962;0.163761;,
  0.000147;0.970711;0.160458;,
  -0.011985;0.739794;0.144288;,
  -0.010869;0.761459;0.133676;,
  -0.009797;0.781435;0.147204;;
  864;
  3;0,1,2;,
  3;1,0,3;,
  3;4,3,0;,
  3;3,4,5;,
  3;6,5,4;,
  3;5,6,7;,
  3;6,8,7;,
  3;8,6,9;,
  3;9,10,8;,
  3;10,9,11;,
  3;11,12,10;,
  3;12,11,13;,
  3;13,14,12;,
  3;14,13,15;,
  3;15,16,14;,
  3;16,15,17;,
  3;18,19,20;,
  3;19,18,21;,
  3;18,22,21;,
  3;22,18,23;,
  3;23,24,22;,
  3;24,23,25;,
  3;25,26,24;,
  3;26,25,27;,
  3;27,28,26;,
  3;28,27,29;,
  3;29,30,28;,
  3;30,29,31;,
  3;31,32,30;,
  3;32,31,33;,
  3;33,34,32;,
  3;34,33,35;,
  3;36,37,38;,
  3;37,36,39;,
  3;39,40,37;,
  3;40,39,41;,
  3;41,42,40;,
  3;42,41,43;,
  3;43,44,42;,
  3;44,43,45;,
  3;45,46,44;,
  3;46,45,47;,
  3;47,48,46;,
  3;48,47,49;,
  3;49,50,48;,
  3;50,49,51;,
  3;51,52,50;,
  3;52,51,53;,
  3;54,55,56;,
  3;55,54,57;,
  3;54,58,57;,
  3;58,54,59;,
  3;59,60,58;,
  3;60,59,61;,
  3;61,62,60;,
  3;62,61,63;,
  3;63,64,62;,
  3;64,63,65;,
  3;65,66,64;,
  3;66,65,67;,
  3;67,68,66;,
  3;68,67,69;,
  3;69,70,68;,
  3;70,69,71;,
  3;72,73,74;,
  3;73,72,75;,
  3;38,76,36;,
  3;76,38,77;,
  3;19,78,20;,
  3;78,19,79;,
  3;1,80,2;,
  3;80,1,81;,
  3;17,82,16;,
  3;82,17,83;,
  3;35,84,34;,
  3;84,35,85;,
  3;53,86,52;,
  3;86,53,87;,
  3;71,88,70;,
  3;88,71,89;,
  3;90,91,92;,
  3;91,90,93;,
  3;94,95,96;,
  3;95,94,97;,
  3;98,99,100;,
  3;99,98,101;,
  3;102,103,104;,
  3;103,102,105;,
  3;93,106,91;,
  3;106,93,107;,
  3;97,108,95;,
  3;108,97,109;,
  3;101,110,99;,
  3;110,101,111;,
  3;105,112,103;,
  3;112,105,113;,
  3;107,114,106;,
  3;114,107,115;,
  3;109,116,108;,
  3;116,109,117;,
  3;111,118,110;,
  3;118,111,119;,
  3;113,120,112;,
  3;120,113,121;,
  3;115,122,114;,
  3;122,115,123;,
  3;117,124,116;,
  3;124,117,125;,
  3;119,126,118;,
  3;126,119,127;,
  3;121,128,120;,
  3;128,121,129;,
  3;123,130,122;,
  3;130,123,131;,
  3;125,132,124;,
  3;132,125,133;,
  3;127,134,126;,
  3;134,127,135;,
  3;129,136,128;,
  3;136,129,137;,
  3;131,138,130;,
  3;138,131,139;,
  3;133,140,132;,
  3;140,133,141;,
  3;135,142,134;,
  3;142,135,143;,
  3;137,144,136;,
  3;144,137,145;,
  3;145,146,144;,
  3;146,145,147;,
  3;139,148,138;,
  3;148,139,149;,
  3;140,150,151;,
  3;150,140,141;,
  3;152,142,143;,
  3;142,152,153;,
  3;154,155,169;,
  3;154,169,168;,
  3;155,156,170;,
  3;155,170,169;,
  3;156,157,171;,
  3;156,171,170;,
  3;157,158,172;,
  3;157,172,171;,
  3;158,159,173;,
  3;158,173,172;,
  3;159,160,174;,
  3;159,174,173;,
  3;160,161,175;,
  3;160,175,174;,
  3;161,162,176;,
  3;161,176,175;,
  3;162,163,177;,
  3;162,177,176;,
  3;163,164,178;,
  3;163,178,177;,
  3;164,165,179;,
  3;164,179,178;,
  3;165,166,180;,
  3;165,180,179;,
  3;166,167,181;,
  3;166,181,180;,
  3;167,154,168;,
  3;167,168,181;,
  3;182,155,154;,
  3;182,156,155;,
  3;182,157,156;,
  3;182,158,157;,
  3;182,159,158;,
  3;182,160,159;,
  3;182,161,160;,
  3;182,162,161;,
  3;182,163,162;,
  3;182,164,163;,
  3;182,165,164;,
  3;182,166,165;,
  3;182,167,166;,
  3;182,154,167;,
  3;183,168,169;,
  3;183,169,170;,
  3;183,170,171;,
  3;183,171,172;,
  3;183,172,173;,
  3;183,173,174;,
  3;183,174,175;,
  3;183,175,176;,
  3;183,176,177;,
  3;183,177,178;,
  3;183,178,179;,
  3;183,179,180;,
  3;183,180,181;,
  3;183,181,168;,
  3;190,185,184;,
  3;191,186,185;,
  3;192,187,186;,
  3;187,194,188;,
  3;194,189,188;,
  3;195,184,189;,
  3;196,191,190;,
  3;197,192,191;,
  3;192,199,193;,
  3;193,200,194;,
  3;200,195,194;,
  3;195,196,190;,
  3;202,197,196;,
  3;203,198,197;,
  3;204,199,198;,
  3;205,200,199;,
  3;206,201,200;,
  3;201,202,196;,
  3;208,203,202;,
  3;203,210,204;,
  3;210,205,204;,
  3;211,206,205;,
  3;212,207,206;,
  3;213,202,207;,
  3;214,209,208;,
  3;215,210,209;,
  3;216,211,210;,
  3;217,212,211;,
  3;218,213,212;,
  3;219,208,213;,
  3;220,215,214;,
  3;221,216,215;,
  3;222,217,216;,
  3;217,224,218;,
  3;224,219,218;,
  3;219,220,214;,
  3;226,221,220;,
  3;227,222,221;,
  3;222,229,223;,
  3;223,230,224;,
  3;230,225,224;,
  3;231,220,225;,
  3;232,227,226;,
  3;233,228,227;,
  3;234,229,228;,
  3;235,230,229;,
  3;230,237,231;,
  3;237,226,231;,
  3;238,233,232;,
  3;239,234,233;,
  3;240,235,234;,
  3;241,236,235;,
  3;242,237,236;,
  3;237,238,232;,
  3;244,239,238;,
  3;245,240,239;,
  3;240,247,241;,
  3;247,242,241;,
  3;248,243,242;,
  3;249,238,243;,
  3;244,251,245;,
  3;251,246,245;,
  3;252,247,246;,
  3;253,248,247;,
  3;254,249,248;,
  3;255,244,249;,
  3;250,257,251;,
  3;257,252,251;,
  3;258,253,252;,
  3;259,254,253;,
  3;254,261,255;,
  3;261,250,255;,
  3;262,257,256;,
  3;263,258,257;,
  3;264,259,258;,
  3;265,260,259;,
  3;266,261,260;,
  3;261,262,256;,
  3;268,263,262;,
  3;269,264,263;,
  3;270,265,264;,
  3;265,272,266;,
  3;272,267,266;,
  3;267,268,262;,
  3;274,269,268;,
  3;275,270,269;,
  3;276,271,270;,
  3;277,272,271;,
  3;278,273,272;,
  3;273,274,268;,
  3;184,275,274;,
  3;185,276,275;,
  3;186,277,276;,
  3;187,278,277;,
  3;188,279,278;,
  3;189,274,279;,
  3;190,191,185;,
  3;191,192,186;,
  3;192,193,187;,
  3;187,193,194;,
  3;194,195,189;,
  3;195,190,184;,
  3;196,197,191;,
  3;197,198,192;,
  3;192,198,199;,
  3;193,199,200;,
  3;200,201,195;,
  3;195,201,196;,
  3;202,203,197;,
  3;203,204,198;,
  3;204,205,199;,
  3;205,206,200;,
  3;206,207,201;,
  3;201,207,202;,
  3;208,209,203;,
  3;203,209,210;,
  3;210,211,205;,
  3;211,212,206;,
  3;212,213,207;,
  3;213,208,202;,
  3;214,215,209;,
  3;215,216,210;,
  3;216,217,211;,
  3;217,218,212;,
  3;218,219,213;,
  3;219,214,208;,
  3;220,221,215;,
  3;221,222,216;,
  3;222,223,217;,
  3;217,223,224;,
  3;224,225,219;,
  3;219,225,220;,
  3;226,227,221;,
  3;227,228,222;,
  3;222,228,229;,
  3;223,229,230;,
  3;230,231,225;,
  3;231,226,220;,
  3;232,233,227;,
  3;233,234,228;,
  3;234,235,229;,
  3;235,236,230;,
  3;230,236,237;,
  3;237,232,226;,
  3;238,239,233;,
  3;239,240,234;,
  3;240,241,235;,
  3;241,242,236;,
  3;242,243,237;,
  3;237,243,238;,
  3;244,245,239;,
  3;245,246,240;,
  3;240,246,247;,
  3;247,248,242;,
  3;248,249,243;,
  3;249,244,238;,
  3;244,250,251;,
  3;251,252,246;,
  3;252,253,247;,
  3;253,254,248;,
  3;254,255,249;,
  3;255,250,244;,
  3;250,256,257;,
  3;257,258,252;,
  3;258,259,253;,
  3;259,260,254;,
  3;254,260,261;,
  3;261,256,250;,
  3;262,263,257;,
  3;263,264,258;,
  3;264,265,259;,
  3;265,266,260;,
  3;266,267,261;,
  3;261,267,262;,
  3;268,269,263;,
  3;269,270,264;,
  3;270,271,265;,
  3;265,271,272;,
  3;272,273,267;,
  3;267,273,268;,
  3;274,275,269;,
  3;275,276,270;,
  3;276,277,271;,
  3;277,278,272;,
  3;278,279,273;,
  3;273,279,274;,
  3;184,185,275;,
  3;185,186,276;,
  3;186,187,277;,
  3;187,188,278;,
  3;188,189,279;,
  3;189,184,274;,
  3;286,281,280;,
  3;287,282,281;,
  3;288,283,282;,
  3;283,290,284;,
  3;290,285,284;,
  3;291,280,285;,
  3;292,287,286;,
  3;293,288,287;,
  3;288,295,289;,
  3;289,296,290;,
  3;296,291,290;,
  3;291,292,286;,
  3;298,293,292;,
  3;299,294,293;,
  3;300,295,294;,
  3;301,296,295;,
  3;302,297,296;,
  3;297,298,292;,
  3;304,299,298;,
  3;299,306,300;,
  3;306,301,300;,
  3;307,302,301;,
  3;308,303,302;,
  3;309,298,303;,
  3;310,305,304;,
  3;311,306,305;,
  3;312,307,306;,
  3;313,308,307;,
  3;314,309,308;,
  3;315,304,309;,
  3;316,311,310;,
  3;317,312,311;,
  3;318,313,312;,
  3;313,320,314;,
  3;320,315,314;,
  3;315,316,310;,
  3;322,317,316;,
  3;323,318,317;,
  3;318,325,319;,
  3;319,326,320;,
  3;326,321,320;,
  3;327,316,321;,
  3;328,323,322;,
  3;329,324,323;,
  3;330,325,324;,
  3;331,326,325;,
  3;326,333,327;,
  3;333,322,327;,
  3;334,329,328;,
  3;335,330,329;,
  3;336,331,330;,
  3;337,332,331;,
  3;338,333,332;,
  3;333,334,328;,
  3;340,335,334;,
  3;341,336,335;,
  3;336,343,337;,
  3;343,338,337;,
  3;344,339,338;,
  3;345,334,339;,
  3;340,347,341;,
  3;347,342,341;,
  3;348,343,342;,
  3;349,344,343;,
  3;350,345,344;,
  3;351,340,345;,
  3;346,353,347;,
  3;353,348,347;,
  3;354,349,348;,
  3;355,350,349;,
  3;350,357,351;,
  3;357,346,351;,
  3;358,353,352;,
  3;359,354,353;,
  3;360,355,354;,
  3;361,356,355;,
  3;362,357,356;,
  3;357,358,352;,
  3;364,359,358;,
  3;365,360,359;,
  3;366,361,360;,
  3;361,368,362;,
  3;368,363,362;,
  3;363,364,358;,
  3;370,365,364;,
  3;371,366,365;,
  3;372,367,366;,
  3;373,368,367;,
  3;374,369,368;,
  3;369,370,364;,
  3;280,371,370;,
  3;281,372,371;,
  3;282,373,372;,
  3;283,374,373;,
  3;284,375,374;,
  3;285,370,375;,
  3;286,287,281;,
  3;287,288,282;,
  3;288,289,283;,
  3;283,289,290;,
  3;290,291,285;,
  3;291,286,280;,
  3;292,293,287;,
  3;293,294,288;,
  3;288,294,295;,
  3;289,295,296;,
  3;296,297,291;,
  3;291,297,292;,
  3;298,299,293;,
  3;299,300,294;,
  3;300,301,295;,
  3;301,302,296;,
  3;302,303,297;,
  3;297,303,298;,
  3;304,305,299;,
  3;299,305,306;,
  3;306,307,301;,
  3;307,308,302;,
  3;308,309,303;,
  3;309,304,298;,
  3;310,311,305;,
  3;311,312,306;,
  3;312,313,307;,
  3;313,314,308;,
  3;314,315,309;,
  3;315,310,304;,
  3;316,317,311;,
  3;317,318,312;,
  3;318,319,313;,
  3;313,319,320;,
  3;320,321,315;,
  3;315,321,316;,
  3;322,323,317;,
  3;323,324,318;,
  3;318,324,325;,
  3;319,325,326;,
  3;326,327,321;,
  3;327,322,316;,
  3;328,329,323;,
  3;329,330,324;,
  3;330,331,325;,
  3;331,332,326;,
  3;326,332,333;,
  3;333,328,322;,
  3;334,335,329;,
  3;335,336,330;,
  3;336,337,331;,
  3;337,338,332;,
  3;338,339,333;,
  3;333,339,334;,
  3;340,341,335;,
  3;341,342,336;,
  3;336,342,343;,
