xof 0303txt 0032
template ColorRGBA {
 <35ff44e0-6c7c-11cf-8f52-0040333594a3>
 FLOAT red;
 FLOAT green;
 FLOAT blue;
 FLOAT alpha;
}

template ColorRGB {
 <d3e16e81-7835-11cf-8f52-0040333594a3>
 FLOAT red;
 FLOAT green;
 FLOAT blue;
}

template Material {
 <3d82ab4d-62da-11cf-ab39-0020af71e433>
 ColorRGBA faceColor;
 FLOAT power;
 ColorRGB specularColor;
 ColorRGB emissiveColor;
 [...]
}

template TextureFilename {
 <a42790e1-7810-11cf-8f52-0040333594a3>
 STRING filename;
}

template Frame {
 <3d82ab46-62da-11cf-ab39-0020af71e433>
 [...]
}

template Matrix4x4 {
 <f6f23f45-7686-11cf-8f52-0040333594a3>
 array FLOAT matrix[16];
}

template FrameTransformMatrix {
 <f6f23f41-7686-11cf-8f52-0040333594a3>
 Matrix4x4 frameMatrix;
}

template Vector {
 <3d82ab5e-62da-11cf-ab39-0020af71e433>
 FLOAT x;
 FLOAT y;
 FLOAT z;
}

template MeshFace {
 <3d82ab5f-62da-11cf-ab39-0020af71e433>
 DWORD nFaceVertexIndices;
 array DWORD faceVertexIndices[nFaceVertexIndices];
}

template Mesh {
 <3d82ab44-62da-11cf-ab39-0020af71e433>
 DWORD nVertices;
 array Vector vertices[nVertices];
 DWORD nFaces;
 array MeshFace faces[nFaces];
 [...]
}

template MeshNormals {
 <f6f23f43-7686-11cf-8f52-0040333594a3>
 DWORD nNormals;
 array Vector normals[nNormals];
 DWORD nFaceNormals;
 array MeshFace faceNormals[nFaceNormals];
}

template MeshMaterialList {
 <f6f23f42-7686-11cf-8f52-0040333594a3>
 DWORD nMaterials;
 DWORD nFaceIndexes;
 array DWORD faceIndexes[nFaceIndexes];
 [Material <3d82ab4d-62da-11cf-ab39-0020af71e433>]
}

template Coords2d {
 <f6f23f44-7686-11cf-8f52-0040333594a3>
 FLOAT u;
 FLOAT v;
}

template MeshTextureCoords {
 <f6f23f40-7686-11cf-8f52-0040333594a3>
 DWORD nTextureCoords;
 array Coords2d textureCoords[nTextureCoords];
}

template XSkinMeshHeader {
 <3cf169ce-ff7c-44ab-93c0-f78f62d172e2>
 WORD nMaxSkinWeightsPerVertex;
 WORD nMaxSkinWeightsPerFace;
 WORD nBones;
}

template SkinWeights {
 <6f0d123b-bad2-4167-a0d0-80224f25fabb>
 STRING transformNodeName;
 DWORD nWeights;
 array DWORD vertexIndices[nWeights];
 array FLOAT weights[nWeights];
 Matrix4x4 matrixOffset;
}

template AnimTicksPerSecond {
 <9e415a43-7ba6-4a73-8743-b73d47e88476>
 DWORD AnimTicksPerSecond;
}

template Animation {
 <3d82ab4f-62da-11cf-ab39-0020af71e433>
 [...]
}

template AnimationSet {
 <3d82ab50-62da-11cf-ab39-0020af71e433>
 [Animation <3d82ab4f-62da-11cf-ab39-0020af71e433>]
}

template FloatKeys {
 <10dd46a9-775b-11cf-8f52-0040333594a3>
 DWORD nValues;
 array FLOAT values[nValues];
}

template TimedFloatKeys {
 <f406b180-7b3b-11cf-8f52-0040333594a3>
 DWORD time;
 FloatKeys tfkeys;
}

template AnimationKey {
 <10dd46a8-775b-11cf-8f52-0040333594a3>
 DWORD keyType;
 DWORD nKeys;
 array TimedFloatKeys keys[nKeys];
}


Material _07_-_Defaultggg {
 1.000000;1.000000;1.000000;1.000000;;
 9.999999;
 0.000000;0.000000;0.000000;;
 0.000000;0.000000;0.000000;;

 TextureFilename {
  "AmmoStrap.png";
 }
}

Frame Dummy01 {
 

 FrameTransformMatrix {
  1.000000,0.000000,0.000000,0.000000,0.000000,-0.000000,-1.000000,0.000000,0.000000,1.000000,-0.000000,0.000000,0.000000,0.000000,0.000000,1.000000;;
 }

 Frame Bip01 {
  

  FrameTransformMatrix {
   -0.087155,0.982405,-0.165183,0.000000,-0.000001,0.165814,0.986157,0.000000,0.996195,0.085949,-0.014450,0.000000,-0.010000,-0.012284,0.490453,1.000000;;
  }

  Frame Bip01_Pelvis {
   

   FrameTransformMatrix {
    0.000000,1.000000,-0.000001,0.000000,-0.000001,0.000001,1.000000,0.000000,1.000000,0.000000,0.000001,0.000000,0.000000,0.000000,0.000000,1.000000;;
   }

   Frame Bip01_Spine {
    

    FrameTransformMatrix {
     0.984686,0.000002,-0.174337,0.000000,-0.000001,1.000000,0.000004,0.000000,0.174337,-0.000004,0.984686,0.000000,0.051619,0.000000,-0.000083,1.000000;;
    }

    Frame Bip01_Spine1 {
     

     FrameTransformMatrix {
      0.997819,0.052687,0.039774,0.000000,-0.044862,0.983198,-0.176942,0.000000,-0.048428,0.174771,0.983417,0.000000,0.106484,-0.000015,-0.000083,1.000000;;
     }

     Frame Bip01_Neck {
      

      FrameTransformMatrix {
       0.966067,-0.020835,0.257451,0.000000,0.025191,0.999590,-0.013632,0.000000,-0.257061,0.019655,0.966195,0.000000,0.130511,-0.000001,0.004626,1.000000;;
      }

      Frame Bip01_Head {
       

       FrameTransformMatrix {
        0.989321,-0.051753,-0.136255,0.000000,0.064251,0.993958,0.088989,0.000000,0.130826,-0.096793,0.986669,0.000000,0.033674,-0.000000,-0.000000,1.000000;;
       }
      }

      Frame Bip01_L_Clavicle {
       

       FrameTransformMatrix {
        -0.205975,0.976135,0.068811,0.000000,0.943873,0.216738,-0.249254,0.000000,-0.258220,0.013609,-0.965990,0.000000,-0.024734,0.015166,0.002017,1.000000;;
       }

       Frame Bip01_L_UpperArm {
        

        FrameTransformMatrix {
         0.385871,-0.777669,0.496320,0.000000,0.922466,0.332598,-0.196046,0.000000,-0.012616,0.533487,0.845714,0.000000,0.087086,-0.000000,-0.000000,1.000000;;
        }

        Frame Bip01_L_Forearm {
         

         FrameTransformMatrix {
          0.943939,0.000000,-0.330119,0.000000,0.000000,1.000000,-0.000000,0.000000,0.330119,-0.000000,0.943939,0.000000,0.137062,0.000000,0.000000,1.000000;;
         }

         Frame Bip01_L_Hand {
          

          FrameTransformMatrix {
           1.000000,-0.000000,0.000000,0.000000,0.000000,0.000796,1.000000,0.000000,0.000000,-1.000000,0.000796,0.000000,0.137062,0.000000,0.000000,1.000000;;
          }

          Frame Bip01_L_Finger0 {
           

           FrameTransformMatrix {
            0.690342,-0.181727,0.700288,0.000000,0.558537,0.749101,-0.356210,0.000000,-0.459853,0.637043,0.618637,0.000000,0.057681,-0.023605,-0.000272,1.000000;;
           }
          }

          Frame Bip01_L_Finger1 {
           

           FrameTransformMatrix {
            0.728079,-0.000546,0.685493,0.000000,0.000000,1.000000,0.000796,0.000000,-0.685493,-0.000580,0.728079,0.000000,0.084102,0.000000,0.000000,1.000000;;
           }
          }
         }
        }
       }
      }

      Frame Bip01_R_Clavicle {
       

       FrameTransformMatrix {
        -0.028509,-0.999573,-0.006461,0.000000,-0.965665,0.025871,0.258498,0.000000,-0.258220,0.013609,-0.965990,0.000000,-0.024080,-0.016250,0.001399,1.000000;;
       }

       Frame Bip01_R_UpperArm {
        

        FrameTransformMatrix {
         0.221390,0.975047,0.016433,0.000000,-0.974986,0.221654,-0.016512,0.000000,-0.019742,-0.012366,0.999729,0.000000,0.087086,0.000000,0.000000,1.000000;;
        }

        Frame Bip01_R_Forearm {
         

         FrameTransformMatrix {
          0.915660,-0.000000,-0.401954,0.000000,-0.000000,1.000000,-0.000000,0.000000,0.401954,-0.000000,0.915660,0.000000,0.137062,0.000000,0.000000,1.000000;;
         }

         Frame Bip01_R_Hand {
          

          FrameTransformMatrix {
           0.975195,-0.000000,-0.221346,0.000000,-0.221346,0.000796,-0.975195,0.000000,0.000176,1.000000,0.000777,0.000000,0.137062,-0.000000,0.000000,1.000000;;
          }

          Frame Bip01_R_Finger0 {
           

           FrameTransformMatrix {
            0.417774,-0.116941,0.900994,0.000000,-0.558537,0.749101,0.356210,0.000000,-0.716591,-0.652054,0.247639,0.000000,0.057681,0.023605,-0.000272,1.000000;;
           }
          }

          Frame Bip01_R_Finger1 {
           

           FrameTransformMatrix {
            0.352436,0.000745,0.935835,0.000000,0.000000,1.000000,-0.000796,0.000000,-0.935836,0.000281,0.352436,0.000000,0.084102,0.000000,0.000000,1.000000;;
           }
          }
         }
        }
       }
      }
     }

     Frame Bip01_BackPack {
      

      FrameTransformMatrix {
       0.180560,0.080500,-0.980264,0.000000,0.047560,0.994764,0.090451,0.000000,0.982413,-0.062954,0.175786,0.000000,0.063697,0.000003,-0.088856,1.000000;;
      }
     }
    }

    Frame Bip01_L_Thigh {
     

     FrameTransformMatrix {
      -0.888504,0.030427,0.457858,0.000000,-0.032107,-0.999476,0.004114,0.000000,0.457744,-0.011045,0.889016,0.000000,-0.050843,0.055225,-0.008917,1.000000;;
     }

     Frame Bip01_L_Calf {
      

      FrameTransformMatrix {
       0.942235,-0.000000,-0.334952,0.000000,-0.000000,1.000000,-0.000000,0.000000,0.334952,-0.000000,0.942235,0.000000,0.237500,0.000000,-0.000000,1.000000;;
      }

      Frame Bip01_L_Foot {
       

       FrameTransformMatrix {
        0.924325,-0.026487,0.380687,0.000000,-0.068962,0.969570,0.234901,0.000000,-0.375325,-0.243378,0.894371,0.000000,0.206841,0.000000,0.000000,1.000000;;
       }

       Frame Bip01_L_Toe0 {
        

        FrameTransformMatrix {
         0.000000,0.000000,1.000000,0.000000,0.000000,1.000000,-0.000000,0.000000,-1.000000,0.000000,0.000000,0.000000,0.065373,0.000000,0.066450,1.000000;;
        }
       }
      }
     }
    }

    Frame Bip01_R_Thigh {
     

     FrameTransformMatrix {
      -0.996965,0.030321,-0.071704,0.000000,-0.029454,-0.999480,-0.013113,0.000000,-0.072065,-0.010961,0.997340,0.000000,-0.050843,-0.055225,-0.008917,1.000000;;
     }

     Frame Bip01_R_Calf {
      

      FrameTransformMatrix {
       0.730239,0.000000,-0.683192,0.000000,0.000000,1.000000,0.000000,0.000000,0.683192,0.000000,0.730239,0.000000,0.237500,0.000000,0.000000,1.000000;;
      }

      Frame Bip01_R_Foot {
       

       FrameTransformMatrix {
        0.991957,0.087165,-0.091782,0.000000,-0.093276,0.993546,-0.064539,0.000000,0.085565,0.072581,0.993685,0.000000,0.206841,0.000000,0.000000,1.000000;;
       }

       Frame Bip01_R_Toe0 {
        

        FrameTransformMatrix {
         0.000000,0.000000,1.000000,0.000000,0.000000,1.000000,-0.000000,0.000000,-1.000000,0.000000,0.000000,0.000000,0.065373,0.000000,0.066450,1.000000;;
        }
       }
      }
     }
    }
   }

   Frame Bip01_DressFront {
    

    FrameTransformMatrix {
     -0.880185,-0.088339,0.466338,0.000000,0.121847,0.907542,0.401896,0.000000,-0.458725,0.410564,-0.788041,0.000000,-0.043935,0.001339,0.061057,1.000000;;
    }

    Frame Bip01_DressFront02 {
     

     FrameTransformMatrix {
      0.912593,0.000001,0.408870,0.000000,-0.000001,1.000000,-0.000000,0.000000,-0.408870,-0.000000,0.912593,0.000000,0.183378,-0.000000,-0.000120,1.000000;;
     }
    }
   }

   Frame Bip01_DressBack {
    

    FrameTransformMatrix {
     -0.886023,0.038029,0.462080,0.000000,0.191625,0.937561,0.290274,0.000000,-0.422190,0.345735,-0.837988,0.000000,-0.047673,-0.000048,-0.078302,1.000000;;
    }

    Frame Bip01_DressBack02 {
     

     FrameTransformMatrix {
      0.936852,0.174932,-0.302833,0.000000,-0.166408,0.984581,0.053939,0.000000,0.307600,-0.000139,0.951516,0.000000,0.176125,0.000000,-0.000103,1.000000;;
     }
    }
   }
  }

  Frame Bip01_Prop1 {
   

   FrameTransformMatrix {
    -0.233929,-0.108090,0.966227,0.000000,0.687222,0.684611,0.242967,0.000000,-0.687752,0.720849,-0.085868,0.000000,0.076452,-0.048658,-0.145664,1.000000;;
   }
  }

  Frame Bip01_Prop2 {
   

   FrameTransformMatrix {
    -0.163643,-0.967062,0.194966,0.000000,0.985576,-0.168906,-0.010564,0.000000,0.043147,0.190425,0.980753,0.000000,-0.138405,-0.102098,0.114818,1.000000;;
   }
  }
 }
}

Frame Translation_Data {
 

 FrameTransformMatrix {
  -0.000000,0.000000,-1.000000,0.000000,-1.000000,-0.000000,0.000000,0.000000,-0.000000,1.000000,0.000000,0.000000,0.000000,-0.000000,0.000000,1.000000;;
 }
}

Frame Bob_AmmoStrap {
 

 FrameTransformMatrix {
  1.000000,0.000000,0.000000,0.000000,0.000000,1.000000,0.000000,0.000000,0.000000,0.000000,1.000000,0.000000,0.000000,0.000000,0.000000,1.000000;;
 }

 Mesh Bob_AmmoStrap {
 691;
 -0.089259;0.636079;-0.042122;,
 -0.094607;0.603209;-0.000368;,
 -0.103634;0.623252;0.001592;,
 -0.066102;0.607514;-0.046962;,
 -0.049805;0.664130;-0.069590;,
 -0.027616;0.626859;-0.069590;,
 -0.023736;0.687292;-0.074063;,
 0.003815;0.653225;-0.069085;,
 0.032218;0.680220;-0.068615;,
 -0.004438;0.705462;-0.075737;,
 0.051991;0.704795;-0.061050;,
 0.016835;0.727504;-0.066207;,
 0.071561;0.732985;-0.048526;,
 0.033228;0.749136;-0.051761;,
 0.085537;0.764081;-0.027211;,
 0.051167;0.776527;-0.025112;,
 0.084286;0.801298;0.004400;,
 0.060441;0.803686;0.006694;,
 -0.066102;0.607514;-0.046962;,
 -0.081647;0.609024;0.007189;,
 -0.094607;0.603209;-0.000368;,
 -0.059099;0.613024;-0.026521;,
 -0.025199;0.628893;-0.048068;,
 -0.027616;0.626859;-0.069590;,
 0.003815;0.653225;-0.049206;,
 0.003815;0.653225;-0.069085;,
 0.032218;0.680220;-0.049669;,
 0.032218;0.680220;-0.068615;,
 0.051991;0.704795;-0.042796;,
 0.051991;0.704795;-0.061050;,
 0.070659;0.727232;-0.028255;,
 0.071561;0.732985;-0.048526;,
 0.082714;0.757807;-0.007758;,
 0.085537;0.764081;-0.027211;,
 0.082206;0.787127;0.013079;,
 0.084286;0.801298;0.004400;,
 -0.081647;0.609024;0.007189;,
 -0.081363;0.641197;-0.028516;,
 -0.094902;0.626747;0.008047;,
 -0.059099;0.613024;-0.026521;,
 -0.048225;0.663085;-0.050864;,
 -0.025199;0.628893;-0.048068;,
 -0.023736;0.687292;-0.055309;,
 0.003815;0.653225;-0.049206;,
 -0.004438;0.705462;-0.053589;,
 0.032218;0.680220;-0.049669;,
 0.016835;0.727504;-0.044060;,
 0.051991;0.704795;-0.042796;,
 0.031535;0.741613;-0.031979;,
 0.070659;0.727232;-0.028255;,
 0.048345;0.764092;-0.004380;,
 0.082714;0.757807;-0.007758;,
 0.058362;0.787476;0.015027;,
 0.082206;0.787127;0.013079;,
 -0.081363;0.641197;-0.028516;,
 -0.103634;0.623252;0.001592;,
 -0.094902;0.626747;0.008047;,
 -0.089259;0.636079;-0.042122;,
 -0.049805;0.664130;-0.069590;,
 -0.048225;0.663085;-0.050864;,
 -0.023736;0.687292;-0.074063;,
 -0.023736;0.687292;-0.055309;,
 -0.004438;0.705462;-0.075737;,
 -0.004438;0.705462;-0.053589;,
 0.016835;0.727504;-0.066207;,
 0.016835;0.727504;-0.044060;,
 0.033228;0.749136;-0.051761;,
 0.031535;0.741613;-0.031979;,
 0.051167;0.776527;-0.025112;,
 0.048345;0.764092;-0.004380;,
 0.060441;0.803686;0.006694;,
 0.058362;0.787476;0.015027;,
 -0.103634;0.623252;0.001592;,
 -0.096129;0.625835;0.040104;,
 -0.094902;0.626747;0.008047;,
 -0.109956;0.616975;0.043076;,
 -0.087347;0.611085;0.037460;,
 -0.096129;0.625835;0.040104;,
 -0.094733;0.602909;0.043062;,
 -0.087347;0.611085;0.037460;,
 -0.109956;0.616975;0.043076;,
 -0.094733;0.602909;0.043062;,
 0.079499;0.815273;0.048968;,
 0.057955;0.814663;0.050851;,
 0.079720;0.800411;0.046979;,
 0.079499;0.815273;0.048968;,
 0.055876;0.799802;0.048862;,
 0.079720;0.800411;0.046979;,
 0.057955;0.814663;0.050851;,
 0.055876;0.799802;0.048862;,
 0.057955;0.814663;0.050851;,
 0.069030;0.799386;0.093912;,
 0.079499;0.815273;0.048968;,
 0.046510;0.804339;0.087527;,
 0.079499;0.815273;0.048968;,
 0.067989;0.785329;0.085376;,
 0.079720;0.800411;0.046979;,
 0.069030;0.799386;0.093912;,
 0.079720;0.800411;0.046979;,
 0.045734;0.788293;0.077106;,
 0.055876;0.799802;0.048862;,
 0.067989;0.785329;0.085376;,
 0.055876;0.799802;0.048862;,
 0.046510;0.804339;0.087527;,
 0.057955;0.814663;0.050851;,
 0.045734;0.788293;0.077106;,
 0.043949;0.767028;0.125124;,
 0.022304;0.777106;0.123574;,
 0.040678;0.757297;0.112130;,
 0.043949;0.767028;0.125124;,
 0.018423;0.765407;0.108753;,
 0.040678;0.757297;0.112130;,
 0.022304;0.777106;0.123574;,
 0.018423;0.765407;0.108753;,
 0.002123;0.717526;0.132099;,
 -0.015830;0.729971;0.127798;,
 0.002163;0.716754;0.117197;,
 0.002123;0.717526;0.132099;,
 -0.015791;0.729200;0.112896;,
 0.002163;0.716754;0.117197;,
 -0.015830;0.729971;0.127798;,
 -0.015791;0.729200;0.112896;,
 -0.037656;0.670028;0.112882;,
 -0.054628;0.682861;0.112365;,
 -0.037194;0.672576;0.100438;,
 -0.037656;0.670028;0.112882;,
 -0.053847;0.685340;0.099921;,
 -0.037194;0.672576;0.100438;,
 -0.054628;0.682861;0.112365;,
 -0.053847;0.685340;0.099921;,
 -0.067272;0.636845;0.095405;,
 -0.083615;0.649636;0.093696;,
 -0.068605;0.640402;0.083042;,
 -0.067272;0.636845;0.095405;,
 -0.084948;0.649909;0.081333;,
 -0.068605;0.640402;0.083042;,
 -0.083615;0.649636;0.093696;,
 -0.084948;0.649909;0.081333;,
 -0.083887;0.617852;0.077768;,
 -0.099647;0.629068;0.073674;,
 -0.081012;0.621285;0.067526;,
 -0.083887;0.617852;0.077768;,
 -0.090273;0.634102;0.061367;,
 -0.081012;0.621285;0.067526;,
 -0.099647;0.629068;0.073674;,
 -0.090273;0.634102;0.061367;,
 -0.109956;0.616975;0.043076;,
 -0.096129;0.625835;0.040104;,
 -0.094733;0.602909;0.043062;,
 -0.109956;0.616975;0.043076;,
 -0.094733;0.602909;0.043062;,
 -0.087347;0.611085;0.037460;,
 -0.087347;0.611085;0.037460;,
 -0.096129;0.625835;0.040104;,
 0.131369;0.404417;0.157099;,
 0.128757;0.403485;0.167512;,
 0.121441;0.400872;0.175863;,
 0.110868;0.397096;0.180497;,
 0.099132;0.392904;0.180497;,
 0.088559;0.389128;0.175863;,
 0.081243;0.386515;0.167512;,
 0.078631;0.385583;0.157099;,
 0.081243;0.386515;0.146686;,
 0.088559;0.389128;0.138335;,
 0.099132;0.392904;0.133701;,
 0.110868;0.397096;0.133701;,
 0.121441;0.400872;0.138335;,
 0.128757;0.403485;0.146686;,
 0.131369;0.404417;0.157099;,
 0.136495;0.434662;0.157099;,
 0.132485;0.433230;0.171417;,
 0.121248;0.429217;0.182899;,
 0.105011;0.423418;0.189272;,
 0.086989;0.416982;0.189272;,
 0.070752;0.411183;0.182899;,
 0.059515;0.407170;0.171417;,
 0.055505;0.405738;0.157099;,
 0.059515;0.407170;0.142781;,
 0.070752;0.411183;0.131299;,
 0.086989;0.416982;0.124926;,
 0.105011;0.423418;0.124926;,
 0.121248;0.429217;0.131299;,
 0.132485;0.433230;0.142781;,
 0.136495;0.434662;0.157099;,
 0.122087;0.495817;0.157099;,
 0.117424;0.494151;0.173153;,
 0.104358;0.489485;0.186027;,
 0.085478;0.482742;0.193171;,
 0.064522;0.475258;0.193171;,
 0.045642;0.468515;0.186027;,
 0.032576;0.463849;0.173153;,
 0.027913;0.462183;0.157099;,
 0.032576;0.463849;0.141045;,
 0.045642;0.468515;0.128171;,
 0.064522;0.475258;0.121027;,
 0.085478;0.482742;0.121027;,
 0.104358;0.489485;0.128171;,
 0.117424;0.494151;0.141045;,
 0.122087;0.495817;0.157099;,
 0.049738;0.716235;0.157099;,
 0.044515;0.714370;0.174888;,
 0.029881;0.709143;0.189154;,
 0.008735;0.701591;0.197071;,
 -0.014735;0.693209;0.197071;,
 -0.035881;0.685657;0.189154;,
 -0.050515;0.680430;0.174888;,
 -0.055738;0.678565;0.157099;,
 -0.050515;0.680430;0.139310;,
 -0.035881;0.685657;0.125044;,
 -0.014735;0.693209;0.117127;,
 0.008735;0.701591;0.117127;,
 0.029881;0.709143;0.125044;,
 0.044515;0.714370;0.139310;,
 0.049738;0.716235;0.157099;,
 0.023505;0.801580;0.157099;,
 0.017909;0.799582;0.176190;,
 0.002230;0.793982;0.191500;,
 -0.020427;0.785891;0.199996;,
 -0.045573;0.776909;0.199996;,
 -0.068230;0.768818;0.191500;,
 -0.083909;0.763218;0.176190;,
 -0.089505;0.761220;0.157099;,
 -0.083909;0.763218;0.138008;,
 -0.068230;0.768818;0.122698;,
 -0.045573;0.776909;0.114202;,
 -0.020427;0.785891;0.114202;,
 0.002230;0.793982;0.122698;,
 0.017909;0.799582;0.138008;,
 0.023505;0.801580;0.157099;,
 0.019980;0.838207;0.157099;,
 0.013545;0.835909;0.179227;,
 -0.004486;0.829469;0.196972;,
 -0.030541;0.820164;0.206820;,
 -0.059459;0.809836;0.206820;,
 -0.085514;0.800531;0.196972;,
 -0.103545;0.794091;0.179227;,
 -0.109980;0.791793;0.157099;,
 -0.103545;0.794091;0.134971;,
 -0.085514;0.800531;0.117226;,
 -0.059459;0.809836;0.107378;,
 -0.030541;0.820164;0.107378;,
 -0.004486;0.829469;0.117226;,
 0.013545;0.835909;0.134971;,
 0.019980;0.838207;0.157099;,
 0.105000;0.395000;0.157099;,
 0.131854;0.480362;0.157099;,
 0.126818;0.478564;0.174780;,
 0.112707;0.473524;0.188959;,
 0.092316;0.466241;0.196827;,
 0.069684;0.458159;0.196827;,
 0.049293;0.450876;0.188959;,
 0.035182;0.445836;0.174780;,
 0.030146;0.444038;0.157099;,
 0.035182;0.445836;0.139418;,
 0.049293;0.450876;0.125239;,
 0.069684;0.458159;0.117371;,
 0.092316;0.466241;0.117371;,
 0.112707;0.473524;0.125239;,
 0.126818;0.478564;0.139418;,
 0.131854;0.480362;0.157099;,
 0.126604;0.495062;0.157099;,
 0.121568;0.493264;0.174780;,
 0.107457;0.488224;0.188959;,
 0.087066;0.480941;0.196827;,
 0.064434;0.472859;0.196827;,
 0.044043;0.465576;0.188959;,
 0.029932;0.460536;0.174780;,
 0.024896;0.458738;0.157099;,
 0.029932;0.460536;0.139418;,
 0.044043;0.465576;0.125239;,
 0.064434;0.472859;0.117371;,
 0.087066;0.480941;0.117371;,
 0.107457;0.488224;0.125239;,
 0.121568;0.493264;0.139418;,
 0.126604;0.495062;0.157099;,
 0.055946;0.713717;0.157099;,
 0.050257;0.711685;0.176515;,
 0.034317;0.705992;0.192086;,
 0.011283;0.697765;0.200727;,
 -0.014283;0.688635;0.200727;,
 -0.037317;0.680408;0.192086;,
 -0.053257;0.674715;0.176515;,
 -0.058946;0.672683;0.157099;,
 -0.053257;0.674715;0.137683;,
 -0.037317;0.680408;0.122112;,
 -0.014283;0.688635;0.113471;,
 0.011283;0.697765;0.113471;,
 0.034317;0.705992;0.122112;,
 0.050257;0.711685;0.137683;,
 0.055946;0.713717;0.157099;,
 0.049946;0.730517;0.157099;,
 0.044257;0.728485;0.176515;,
 0.028317;0.722792;0.192086;,
 0.005283;0.714565;0.200727;,
 -0.020283;0.705435;0.200727;,
 -0.043317;0.697208;0.192086;,
 -0.059257;0.691515;0.176515;,
 -0.064946;0.689483;0.157099;,
 -0.059257;0.691515;0.137683;,
 -0.043317;0.697208;0.122112;,
 -0.020283;0.705435;0.113471;,
 0.005283;0.714565;0.113471;,
 0.028317;0.722792;0.122112;,
 0.044257;0.728485;0.137683;,
 0.049946;0.730517;0.157099;,
 0.029922;0.813344;0.157099;,
 0.023394;0.811012;0.179444;,
 0.005102;0.804479;0.197363;,
 -0.021331;0.795039;0.207308;,
 -0.050669;0.784561;0.207308;,
 -0.077102;0.775121;0.197363;,
 -0.095394;0.768588;0.179444;,
 -0.101922;0.766256;0.157099;,
 -0.095394;0.768588;0.134754;,
 -0.077102;0.775121;0.116835;,
 -0.050669;0.784561;0.106890;,
 -0.021331;0.795039;0.106890;,
 0.005102;0.804479;0.116835;,
 0.023394;0.811012;0.134754;,
 0.029922;0.813344;0.157099;,
 0.021672;0.836444;0.157099;,
 0.015144;0.834112;0.179444;,
 -0.003148;0.827579;0.197363;,
 -0.029581;0.818139;0.207308;,
 -0.058919;0.807661;0.207308;,
 -0.085352;0.798221;0.197363;,
 -0.103644;0.791688;0.179444;,
 -0.110172;0.789356;0.157099;,
 -0.103644;0.791688;0.134754;,
 -0.085352;0.798221;0.116835;,
 -0.058919;0.807661;0.106890;,
 -0.029581;0.818139;0.106890;,
 -0.003148;0.827579;0.116835;,
 0.015144;0.834112;0.134754;,
 0.021672;0.836444;0.157099;,
 0.025294;0.841167;0.157099;,
 0.008343;0.835113;0.157099;,
 0.018300;0.838669;0.181830;,
 0.003027;0.833214;0.174020;,
 -0.001299;0.831669;0.201663;,
 -0.011868;0.827895;0.187590;,
 -0.029620;0.821555;0.212670;,
 -0.033392;0.820208;0.195121;,
 -0.061053;0.810329;0.212670;,
 -0.057281;0.811676;0.195121;,
 -0.089374;0.800214;0.201663;,
 -0.078805;0.803989;0.187590;,
 -0.108972;0.793215;0.181830;,
 -0.093700;0.798669;0.174020;,
 -0.115967;0.790717;0.157099;,
 -0.099016;0.796771;0.157099;,
 -0.108972;0.793215;0.132368;,
 -0.093700;0.798669;0.140178;,
 -0.089374;0.800214;0.112535;,
 -0.078805;0.803989;0.126608;,
 -0.061053;0.810329;0.101528;,
 -0.057281;0.811676;0.119077;,
 -0.029620;0.821555;0.101528;,
 -0.033392;0.820208;0.119077;,
 -0.001299;0.831669;0.112535;,
 -0.011868;0.827895;0.126608;,
 0.018300;0.838669;0.132368;,
 0.003027;0.833214;0.140178;,
 0.025294;0.841167;0.157099;,
 0.008343;0.835113;0.157099;,
 0.135379;0.457857;0.155349;,
 0.139617;0.459371;0.155349;,
 0.139617;0.459371;0.158849;,
 0.135379;0.457857;0.158849;,
 0.129325;0.474808;0.155349;,
 0.133562;0.476322;0.155349;,
 0.133562;0.476322;0.158849;,
 0.129325;0.474808;0.158849;,
 0.123545;0.490990;0.155349;,
 0.127783;0.492504;0.155349;,
 0.127783;0.492504;0.158849;,
 0.123545;0.490990;0.158849;,
 0.117491;0.507942;0.155349;,
 0.121729;0.509455;0.155349;,
 0.121729;0.509455;0.158849;,
 0.117491;0.507942;0.158849;,
 0.111712;0.524124;0.155349;,
 0.115950;0.525637;0.155349;,
 0.115950;0.525637;0.158849;,
 0.111712;0.524124;0.158849;,
 0.105658;0.541075;0.155349;,
 0.109896;0.542589;0.155349;,
 0.109896;0.542589;0.158849;,
 0.105658;0.541075;0.158849;,
 0.099879;0.557257;0.155349;,
 0.104117;0.558771;0.155349;,
 0.104117;0.558771;0.158849;,
 0.099879;0.557257;0.158849;,
 0.093825;0.574208;0.155349;,
 0.098062;0.575722;0.155349;,
 0.098062;0.575722;0.158849;,
 0.093825;0.574208;0.158849;,
 0.088045;0.590390;0.155349;,
 0.092283;0.591904;0.155349;,
 0.092283;0.591904;0.158849;,
 0.088045;0.590390;0.158849;,
 0.081991;0.607342;0.155349;,
 0.086229;0.608855;0.155349;,
 0.086229;0.608855;0.158849;,
 0.081991;0.607342;0.158849;,
 0.076212;0.623524;0.155349;,
 0.080450;0.625037;0.155349;,
 0.080450;0.625037;0.158849;,
 0.076212;0.623524;0.158849;,
 0.070158;0.640475;0.155349;,
 0.074396;0.641989;0.155349;,
 0.074396;0.641989;0.158849;,
 0.070158;0.640475;0.158849;,
 0.064379;0.656657;0.155349;,
 0.068617;0.658171;0.155349;,
 0.068617;0.658171;0.158849;,
 0.064379;0.656657;0.158849;,
 0.058325;0.673608;0.155349;,
 0.062562;0.675122;0.155349;,
 0.062562;0.675122;0.158849;,
 0.058325;0.673608;0.158849;,
 0.052545;0.689790;0.155349;,
 0.056783;0.691304;0.155349;,
 0.056783;0.691304;0.158849;,
 0.052545;0.689790;0.158849;,
 0.046491;0.706742;0.155349;,
 0.050729;0.708255;0.155349;,
 0.050729;0.708255;0.158849;,
 0.046491;0.706742;0.158849;,
 0.040712;0.722924;0.155349;,
 0.044950;0.724437;0.155349;,
 0.044950;0.724437;0.158849;,
 0.040712;0.722924;0.158849;,
 0.034658;0.739875;0.155349;,
 0.038896;0.741389;0.155349;,
 0.038896;0.741389;0.158849;,
 0.034658;0.739875;0.158849;,
 0.028879;0.756057;0.155349;,
 0.033117;0.757571;0.155349;,
 0.033117;0.757571;0.158849;,
 0.028879;0.756057;0.158849;,
 0.022825;0.773008;0.155349;,
 0.027062;0.774522;0.155349;,
 0.027062;0.774522;0.158849;,
 0.022825;0.773008;0.158849;,
 0.051641;0.510363;0.115711;,
 0.066910;0.532630;0.115711;,
 0.068359;0.531637;0.122487;,
 0.053090;0.509370;0.122487;,
 0.016641;0.534363;0.126711;,
 0.031910;0.556630;0.126711;,
 0.033359;0.555637;0.133487;,
 0.018090;0.533370;0.133487;,
 -0.012034;0.687142;0.116332;,
 0.002413;0.709952;0.116332;,
 0.006034;0.707658;0.121866;,
 -0.008413;0.684848;0.121866;,
 -0.024034;0.694742;0.127332;,
 -0.009587;0.717552;0.127332;,
 -0.005966;0.715258;0.132866;,
 -0.020413;0.692448;0.132866;,
 -0.061397;0.772011;0.147099;,
 -0.062250;0.771702;0.149291;,
 -0.064308;0.770946;0.150199;,
 -0.066364;0.770186;0.149291;,
 -0.067215;0.769868;0.147099;,
 -0.066361;0.770178;0.144907;,
 -0.064304;0.770934;0.143999;,
 -0.062247;0.771693;0.144907;,
 -0.061397;0.772011;0.147099;,
 -0.112206;0.909951;0.146805;,
 -0.113060;0.909641;0.148997;,
 -0.115117;0.908885;0.149905;,
 -0.117174;0.908126;0.148997;,
 -0.118024;0.907808;0.146805;,
 -0.117170;0.908118;0.144613;,
 -0.115113;0.908874;0.143705;,
 -0.113057;0.909633;0.144613;,
 -0.112206;0.909951;0.146805;,
 -0.097142;0.860085;0.146909;,
 -0.101594;0.872171;0.146883;,
 -0.113041;0.903249;0.146817;,
 -0.095459;0.890117;0.146854;,
 -0.097142;0.860085;0.146909;,
 -0.101594;0.872171;0.146883;,
 -0.113041;0.903249;0.146817;,
 -0.106690;0.886006;0.158814;,
 -0.097142;0.860085;0.146909;,
 -0.101594;0.872171;0.146883;,
 -0.113041;0.903249;0.146817;,
 -0.098752;0.888922;0.155311;,
 -0.108942;0.903694;0.146819;,
 -0.110358;0.903179;0.149946;,
 -0.113534;0.902011;0.150719;,
 -0.116079;0.901069;0.148555;,
 -0.116076;0.901062;0.145083;,
 -0.113528;0.901996;0.142919;,
 -0.110353;0.903167;0.143692;,
 -0.108942;0.903694;0.146819;,
 -0.112744;0.914016;0.146797;,
 -0.114160;0.913501;0.149924;,
 -0.117336;0.912333;0.150697;,
 -0.119881;0.911391;0.148533;,
 -0.119878;0.911384;0.145061;,
 -0.117330;0.912318;0.142897;,
 -0.114155;0.913489;0.143670;,
 -0.112744;0.914016;0.146797;,
 -0.041614;0.779056;0.167099;,
 -0.042466;0.778744;0.169291;,
 -0.044527;0.777997;0.170199;,
 -0.046589;0.777254;0.169291;,
 -0.047445;0.776950;0.167099;,
 -0.046592;0.777262;0.164907;,
 -0.044531;0.778009;0.163999;,
 -0.042469;0.778752;0.164907;,
 -0.041614;0.779056;0.167099;,
 -0.100386;0.941767;0.167445;,
 -0.101238;0.941454;0.169637;,
 -0.103299;0.940708;0.170545;,
 -0.105362;0.939965;0.169637;,
 -0.106217;0.939660;0.167445;,
 -0.105364;0.939973;0.165253;,
 -0.103303;0.940719;0.164345;,
 -0.101241;0.941462;0.165253;,
 -0.100386;0.941767;0.167445;,
 -0.085636;0.891806;0.167341;,
 -0.090011;0.903920;0.167367;,
 -0.101263;0.935070;0.167433;,
 -0.083519;0.921916;0.167396;,
 -0.085636;0.891806;0.167341;,
 -0.090011;0.903920;0.167367;,
 -0.101263;0.935070;0.167433;,
 -0.095004;0.917742;0.179616;,
 -0.085636;0.891806;0.167341;,
 -0.090011;0.903920;0.167367;,
 -0.101263;0.935070;0.167433;,
 -0.086879;0.920684;0.176037;,
 -0.097161;0.935489;0.167431;,
 -0.098576;0.934971;0.170558;,
 -0.101758;0.933820;0.171331;,
 -0.104312;0.932902;0.169167;,
 -0.104314;0.932909;0.165695;,
 -0.101763;0.933835;0.163531;,
 -0.098580;0.934983;0.164304;,
 -0.097161;0.935489;0.167431;,
 -0.100898;0.945834;0.167453;,
 -0.102312;0.945317;0.170580;,
 -0.105495;0.944166;0.171353;,
 -0.108049;0.943248;0.169189;,
 -0.108051;0.943255;0.165717;,
 -0.105500;0.944181;0.163553;,
 -0.102317;0.945329;0.164326;,
 -0.100898;0.945834;0.167453;,
 -0.020888;0.786436;0.149099;,
 -0.021745;0.786137;0.151291;,
 -0.023812;0.785407;0.152199;,
 -0.025879;0.784675;0.151291;,
 -0.026733;0.784369;0.149099;,
 -0.025876;0.784668;0.146907;,
 -0.023809;0.785398;0.145999;,
 -0.021743;0.786130;0.146907;,
 -0.020888;0.786436;0.149099;,
 -0.074250;0.937276;0.148843;,
 -0.075107;0.936976;0.151035;,
 -0.077174;0.936246;0.151943;,
 -0.079240;0.935514;0.151035;,
 -0.080095;0.935208;0.148843;,
 -0.079238;0.935507;0.146651;,
 -0.077171;0.936237;0.145743;,
 -0.075105;0.936969;0.146651;,
 -0.074250;0.937276;0.148843;,
 -0.059830;0.887219;0.148926;,
 -0.064125;0.899361;0.148906;,
 -0.075171;0.930585;0.148853;,
 -0.057269;0.917401;0.148882;,
 -0.059830;0.887219;0.148926;,
 -0.064125;0.899361;0.148906;,
 -0.075171;0.930585;0.148853;,
 -0.069041;0.913258;0.161362;,
 -0.059830;0.887219;0.148926;,
 -0.064125;0.899361;0.148906;,
 -0.075171;0.930585;0.148853;,
 -0.060720;0.916195;0.157707;,
 -0.071067;0.930976;0.148854;,
 -0.072488;0.930479;0.151982;,
 -0.075679;0.929351;0.152754;,
 -0.078236;0.928443;0.150590;,
 -0.078234;0.928438;0.147119;,
 -0.075675;0.929340;0.144954;,
 -0.072485;0.930469;0.145727;,
 -0.071067;0.930976;0.148854;,
 -0.074735;0.941347;0.148837;,
 -0.076157;0.940849;0.151964;,
 -0.079348;0.939722;0.152736;,
 -0.081905;0.938813;0.150572;,
 -0.081903;0.938808;0.147101;,
 -0.079343;0.939710;0.144937;,
 -0.076153;0.940840;0.145709;,
 -0.074735;0.941347;0.148837;,
 -0.001105;0.793481;0.168099;,
 -0.001962;0.793179;0.170291;,
 -0.004032;0.792459;0.171199;,
 -0.006104;0.791743;0.170291;,
 -0.006963;0.791450;0.168099;,
 -0.006107;0.791752;0.165907;,
 -0.004036;0.792472;0.164999;,
 -0.001965;0.793188;0.165907;,
 -0.001105;0.793481;0.168099;,
 -0.046964;0.925757;0.168407;,
 -0.047820;0.925455;0.170599;,
 -0.049891;0.924735;0.171507;,
 -0.051963;0.924019;0.170599;,
 -0.052822;0.923726;0.168407;,
 -0.051966;0.924028;0.166215;,
 -0.049895;0.924748;0.165307;,
 -0.047824;0.925464;0.166215;,
 -0.046964;0.925757;0.168407;,
 -0.032860;0.875610;0.168293;,
 -0.037079;0.887780;0.168321;,
 -0.047928;0.919072;0.168394;,
 -0.029863;0.905861;0.168353;,
 -0.032860;0.875610;0.168293;,
 -0.037079;0.887780;0.168321;,
 -0.047928;0.919072;0.168394;,
 -0.041891;0.901661;0.181093;,
 -0.032860;0.875610;0.168293;,
 -0.037079;0.887780;0.168321;,
 -0.047928;0.919072;0.168394;,
 -0.033383;0.904620;0.177362;,
 -0.043821;0.919438;0.168392;,
 -0.045242;0.918938;0.171519;,
 -0.048438;0.917828;0.172291;,
 -0.051004;0.916943;0.170127;,
 -0.051006;0.916951;0.166656;,
 -0.048444;0.917844;0.164492;,
 -0.045246;0.918951;0.165264;,
 -0.043821;0.919438;0.168392;,
 -0.047424;0.929831;0.168416;,
 -0.048845;0.929331;0.171543;,
 -0.052042;0.928221;0.172315;,
 -0.054607;0.927336;0.170151;,
 -0.054610;0.927344;0.166680;,
 -0.052047;0.928237;0.164516;,
 -0.048849;0.929344;0.165288;,
 -0.047424;0.929831;0.168416;,
 -0.031251;0.782746;0.180099;,
 -0.032102;0.782431;0.182291;,
 -0.034165;0.781689;0.183199;,
 -0.036231;0.780955;0.182291;,
 -0.037089;0.780659;0.180099;,
 -0.036237;0.780974;0.177907;,
 -0.034175;0.781716;0.176999;,
 -0.032109;0.782450;0.177907;,
 -0.031251;0.782746;0.180099;,
 -0.091842;0.952240;0.180927;,
 -0.092693;0.951925;0.183119;,
 -0.094756;0.951183;0.184027;,
 -0.096821;0.950449;0.183119;,
 -0.097680;0.950153;0.180927;,
 -0.096828;0.950468;0.178735;,
 -0.094766;0.951210;0.177827;,
 -0.092700;0.951944;0.178735;,
 -0.091842;0.952240;0.180927;,
 -0.077257;0.902231;0.180688;,
 -0.081592;0.914360;0.180747;,
 -0.092741;0.945546;0.180899;,
 -0.074306;0.932597;0.180815;,
 -0.077257;0.902231;0.180688;,
 -0.081592;0.914360;0.180747;,
 -0.092741;0.945546;0.180899;,
 -0.086527;0.928164;0.193815;,
 -0.077257;0.902231;0.180688;,
 -0.081592;0.914360;0.180747;,
 -0.092741;0.945546;0.180899;,
 -0.077877;0.931275;0.190007;,
 -0.088638;0.945951;0.180895;,
 -0.090051;0.945431;0.184022;,
 -0.093237;0.944288;0.184794;,
 -0.095795;0.943384;0.182630;,
 -0.095801;0.943399;0.179159;,
 -0.093249;0.944322;0.176995;,
 -0.090061;0.945458;0.177767;,
 -0.088638;0.945951;0.180895;,
 -0.092341;0.956309;0.180945;,
 -0.093754;0.955789;0.184073;,
 -0.096939;0.954646;0.184845;,
 -0.099498;0.953742;0.182681;,
 -0.099503;0.953757;0.179210;,
 -0.096951;0.954680;0.177046;,
 -0.093764;0.955816;0.177818;,
 -0.092341;0.956309;0.180945;;
 756;
 3;0,1,2;,
 3;1,0,3;,
 3;4,3,0;,
 3;3,4,5;,
 3;6,5,4;,
 3;5,6,7;,
 3;6,8,7;,
 3;8,6,9;,
 3;9,10,8;,
 3;10,9,11;,
 3;11,12,10;,
 3;12,11,13;,
 3;13,14,12;,
 3;14,13,15;,
 3;15,16,14;,
 3;16,15,17;,
 3;18,19,20;,
 3;19,18,21;,
 3;18,22,21;,
 3;22,18,23;,
 3;23,24,22;,
 3;24,23,25;,
 3;25,26,24;,
 3;26,25,27;,
 3;27,28,26;,
 3;28,27,29;,
 3;29,30,28;,
 3;30,29,31;,
 3;31,32,30;,
 3;32,31,33;,
 3;33,34,32;,
 3;34,33,35;,
 3;36,37,38;,
 3;37,36,39;,
 3;39,40,37;,
 3;40,39,41;,
 3;41,42,40;,
 3;42,41,43;,
 3;43,44,42;,
 3;44,43,45;,
 3;45,46,44;,
 3;46,45,47;,
 3;47,48,46;,
 3;48,47,49;,
 3;49,50,48;,
 3;50,49,51;,
 3;51,52,50;,
 3;52,51,53;,
 3;54,55,56;,
 3;55,54,57;,
 3;54,58,57;,
 3;58,54,59;,
 3;59,60,58;,
 3;60,59,61;,
 3;61,62,60;,
 3;62,61,63;,
 3;63,64,62;,
 3;64,63,65;,
 3;65,66,64;,
 3;66,65,67;,
 3;67,68,66;,
 3;68,67,69;,
 3;69,70,68;,
 3;70,69,71;,
 3;72,73,74;,
 3;73,72,75;,
 3;38,76,36;,
 3;76,38,77;,
 3;19,78,20;,
 3;78,19,79;,
 3;1,80,2;,
 3;80,1,81;,
 3;17,82,16;,
 3;82,17,83;,
 3;35,84,34;,
 3;84,35,85;,
 3;53,86,52;,
 3;86,53,87;,
 3;71,88,70;,
 3;88,71,89;,
 3;90,91,92;,
 3;91,90,93;,
 3;94,95,96;,
 3;95,94,97;,
 3;98,99,100;,
 3;99,98,101;,
 3;102,103,104;,
 3;103,102,105;,
 3;93,106,91;,
 3;106,93,107;,
 3;97,108,95;,
 3;108,97,109;,
 3;101,110,99;,
 3;110,101,111;,
 3;105,112,103;,
 3;112,105,113;,
 3;107,114,106;,
 3;114,107,115;,
 3;109,116,108;,
 3;116,109,117;,
 3;111,118,110;,
 3;118,111,119;,
 3;113,120,112;,
 3;120,113,121;,
 3;115,122,114;,
 3;122,115,123;,
 3;117,124,116;,
 3;124,117,125;,
 3;119,126,118;,
 3;126,119,127;,
 3;121,128,120;,
 3;128,121,129;,
 3;123,130,122;,
 3;130,123,131;,
 3;125,132,124;,
 3;132,125,133;,
 3;127,134,126;,
 3;134,127,135;,
 3;129,136,128;,
 3;136,129,137;,
 3;131,138,130;,
 3;138,131,139;,
 3;133,140,132;,
 3;140,133,141;,
 3;135,142,134;,
 3;142,135,143;,
 3;137,144,136;,
 3;144,137,145;,
 3;145,146,144;,
 3;146,145,147;,
 3;139,148,138;,
 3;148,139,149;,
 3;140,150,151;,
 3;150,140,141;,
 3;152,142,143;,
 3;142,152,153;,
 3;154,155,170;,
 3;154,170,169;,
 3;155,156,171;,
 3;155,171,170;,
 3;156,157,172;,
 3;156,172,171;,
 3;157,158,173;,
 3;157,173,172;,
 3;158,159,174;,
 3;158,174,173;,
 3;159,160,175;,
 3;159,175,174;,
 3;160,161,176;,
 3;160,176,175;,
 3;161,162,177;,
 3;161,177,176;,
 3;162,163,178;,
 3;162,178,177;,
 3;163,164,179;,
 3;163,179,178;,
 3;164,165,180;,
 3;164,180,179;,
 3;165,166,181;,
 3;165,181,180;,
 3;166,167,182;,
 3;166,182,181;,
 3;167,168,183;,
 3;167,183,182;,
 3;169,170,185;,
 3;169,185,184;,
 3;170,171,186;,
 3;170,186,185;,
 3;171,172,187;,
 3;171,187,186;,
 3;172,173,188;,
 3;172,188,187;,
 3;173,174,189;,
 3;173,189,188;,
 3;174,175,190;,
 3;174,190,189;,
 3;175,176,191;,
 3;175,191,190;,
 3;176,177,192;,
 3;176,192,191;,
 3;177,178,193;,
 3;177,193,192;,
 3;178,179,194;,
 3;178,194,193;,
 3;179,180,195;,
 3;179,195,194;,
 3;180,181,196;,
 3;180,196,195;,
 3;181,182,197;,
 3;181,197,196;,
 3;182,183,198;,
 3;182,198,197;,
 3;184,185,200;,
 3;184,200,199;,
 3;185,186,201;,
 3;185,201,200;,
 3;186,187,202;,
 3;186,202,201;,
 3;187,188,203;,
 3;187,203,202;,
 3;188,189,204;,
 3;188,204,203;,
 3;189,190,205;,
 3;189,205,204;,
 3;190,191,206;,
 3;190,206,205;,
 3;191,192,207;,
 3;191,207,206;,
 3;192,193,208;,
 3;192,208,207;,
 3;193,194,209;,
 3;193,209,208;,
 3;194,195,210;,
 3;194,210,209;,
 3;195,196,211;,
 3;195,211,210;,
 3;196,197,212;,
 3;196,212,211;,
 3;197,198,213;,
 3;197,213,212;,
 3;199,200,215;,
 3;199,215,214;,
 3;200,201,216;,
 3;200,216,215;,
 3;201,202,217;,
 3;201,217,216;,
 3;202,203,218;,
 3;202,218,217;,
 3;203,204,219;,
 3;203,219,218;,
 3;204,205,220;,
 3;204,220,219;,
 3;205,206,221;,
 3;205,221,220;,
 3;206,207,222;,
 3;206,222,221;,
 3;207,208,223;,
 3;207,223,222;,
 3;208,209,224;,
 3;208,224,223;,
 3;209,210,225;,
 3;209,225,224;,
 3;210,211,226;,
 3;210,226,225;,
 3;211,212,227;,
 3;211,227,226;,
 3;212,213,228;,
 3;212,228,227;,
 3;214,215,230;,
 3;214,230,229;,
 3;215,216,231;,
 3;215,231,230;,
 3;216,217,232;,
 3;216,232,231;,
 3;217,218,233;,
 3;217,233,232;,
 3;218,219,234;,
 3;218,234,233;,
 3;219,220,235;,
 3;219,235,234;,
 3;220,221,236;,
 3;220,236,235;,
 3;221,222,237;,
 3;221,237,236;,
 3;222,223,238;,
 3;222,238,237;,
 3;223,224,239;,
 3;223,239,238;,
 3;224,225,240;,
 3;224,240,239;,
 3;225,226,241;,
 3;225,241,240;,
 3;226,227,242;,
 3;226,242,241;,
 3;227,228,243;,
 3;227,243,242;,
 3;244,155,154;,
 3;244,156,155;,
 3;244,157,156;,
 3;244,158,157;,
 3;244,159,158;,
 3;244,160,159;,
 3;244,161,160;,
 3;244,162,161;,
 3;244,163,162;,
 3;244,164,163;,
 3;244,165,164;,
 3;244,166,165;,
 3;244,167,166;,
 3;244,168,167;,
 3;245,246,261;,
 3;245,261,260;,
 3;246,247,262;,
 3;246,262,261;,
 3;247,248,263;,
 3;247,263,262;,
 3;248,249,264;,
 3;248,264,263;,
 3;249,250,265;,
 3;249,265,264;,
 3;250,251,266;,
 3;250,266,265;,
 3;251,252,267;,
 3;251,267,266;,
 3;252,253,268;,
 3;252,268,267;,
 3;253,254,269;,
 3;253,269,268;,
 3;254,255,270;,
 3;254,270,269;,
 3;255,256,271;,
 3;255,271,270;,
 3;256,257,272;,
 3;256,272,271;,
 3;257,258,273;,
 3;257,273,272;,
 3;258,259,274;,
 3;258,274,273;,
 3;275,276,291;,
 3;275,291,290;,
 3;276,277,292;,
 3;276,292,291;,
 3;277,278,293;,
 3;277,293,292;,
 3;278,279,294;,
 3;278,294,293;,
 3;279,280,295;,
 3;279,295,294;,
 3;280,281,296;,
 3;280,296,295;,
 3;281,282,297;,
 3;281,297,296;,
 3;282,283,298;,
 3;282,298,297;,
 3;283,284,299;,
 3;283,299,298;,
 3;284,285,300;,
 3;284,300,299;,
 3;285,286,301;,
 3;285,301,300;,
 3;286,287,302;,
 3;286,302,301;,
 3;287,288,303;,
 3;287,303,302;,
 3;288,289,304;,
 3;288,304,303;,
 3;305,306,321;,
 3;305,321,320;,
 3;306,307,322;,
 3;306,322,321;,
 3;307,308,323;,
 3;307,323,322;,
 3;308,309,324;,
 3;308,324,323;,
 3;309,310,325;,
 3;309,325,324;,
 3;310,311,326;,
 3;310,326,325;,
 3;311,312,327;,
 3;311,327,326;,
 3;312,313,328;,
 3;312,328,327;,
 3;313,314,329;,
 3;313,329,328;,
 3;314,315,330;,
 3;314,330,329;,
 3;315,316,331;,
 3;315,331,330;,
 3;316,317,332;,
 3;316,332,331;,
 3;317,318,333;,
 3;317,333,332;,
 3;318,319,334;,
 3;318,334,333;,
 3;335,337,338;,
 3;335,338,336;,
 3;337,339,340;,
 3;337,340,338;,
 3;339,341,342;,
 3;339,342,340;,
 3;341,343,344;,
 3;341,344,342;,
 3;343,345,346;,
 3;343,346,344;,
 3;345,347,348;,
 3;345,348,346;,
 3;347,349,350;,
 3;347,350,348;,
 3;349,351,352;,
 3;349,352,350;,
 3;351,353,354;,
 3;351,354,352;,
 3;353,355,356;,
 3;353,356,354;,
 3;355,357,358;,
 3;355,358,356;,
 3;357,359,360;,
 3;357,360,358;,
 3;359,361,362;,
 3;359,362,360;,
 3;361,363,364;,
 3;361,364,362;,
 3;365,366,367;,
 3;365,367,368;,
 3;369,372,371;,
 3;369,371,370;,
 3;365,369,370;,
 3;365,370,366;,
 3;366,370,371;,
 3;366,371,367;,
 3;367,371,372;,
 3;367,372,368;,
 3;368,372,369;,
 3;368,369,365;,
 3;373,374,375;,
 3;373,375,376;,
 3;377,380,379;,
 3;377,379,378;,
 3;373,377,378;,
 3;373,378,374;,
 3;374,378,379;,
 3;374,379,375;,
 3;375,379,380;,
 3;375,380,376;,
 3;376,380,377;,
 3;376,377,373;,
 3;381,382,383;,
 3;381,383,384;,
 3;385,388,387;,
 3;385,387,386;,
 3;381,385,386;,
 3;381,386,382;,
 3;382,386,387;,
 3;382,387,383;,
 3;383,387,388;,
 3;383,388,384;,
 3;384,388,385;,
 3;384,385,381;,
 3;389,390,391;,
 3;389,391,392;,
 3;393,396,395;,
 3;393,395,394;,
 3;389,393,394;,
 3;389,394,390;,
 3;390,394,395;,
